Executing C:\Users\Jason Fucik\OneDrive - California Institute of Technology\Documents\Zemax\MACROS\HISPEC\echelle_Rcalc.ZPL.
      22.000000    2332.128000     -24.845945      26.696960       0.036767       2.000000   31715.244340
      22.000000    2356.780500     -14.245352      26.729698       0.033011       2.000000   35697.089540
      22.000000    2381.433000      -2.279234      26.897963       0.028779       2.000000   41375.122941
      22.000000    2406.085500      11.796747      27.296933       0.023729       2.000000   50698.872050
      22.000000    2430.738000      29.828169      28.095739       0.017257       2.000000   70429.292493
      23.000000    2232.987000     -24.392773      20.445873       0.034863       2.000000   32025.182792
      23.000000    2255.542227     -14.185983      20.412783       0.031434       2.000000   35877.487466
      23.000000    2278.097455      -2.717866      20.505452       0.027554       2.000000   41338.431741
      23.000000    2300.652682      10.676135      20.803616       0.022937       2.000000   50151.216254
      23.000000    2323.207909      27.577597      21.456962       0.017074       2.000000   68032.819760
      24.000000    2141.927000     -23.968045      14.758428       0.033152       2.000000   32304.743608
      24.000000    2162.642000     -14.127687      14.675956       0.029997       2.000000   36047.821853
      24.000000    2183.357000      -3.115895      14.708229       0.026424       2.000000   41313.900836
      24.000000    2204.072000       9.661434      14.921986       0.022190       2.000000   49663.663762
      24.000000    2224.787000      25.565106      15.444638       0.016863       2.000000   65965.745655
      25.000000    2058.000000     -23.571378       9.562625       0.031600       2.000000   32563.680536
      25.000000    2077.090909     -14.071558       9.441660       0.028679       2.000000   36212.363520
      25.000000    2096.181818      -3.479149       9.424842       0.025377       2.000000   41301.282862
      25.000000    2115.272727       8.738265       9.568227       0.021482       2.000000   49233.426619
      25.000000    2134.363636      23.757749       9.978642       0.016630       2.000000   64170.627941
      26.000000    1980.399000     -23.201490       4.796163       0.030182       2.000000   32807.678866
      26.000000    1998.049682     -14.018258       4.644348       0.027467       2.000000   36372.266701
      26.000000    2015.700364      -3.812372       4.587139       0.024404       2.000000   41299.143200
      26.000000    2033.351045       7.894769       4.671696       0.020810       2.000000   48854.013142
      26.000000    2051.001727      22.127390       4.987522       0.016378       2.000000   62615.738050
      27.000000    1908.436000     -22.855577       0.406208       0.028881       2.000000   33039.874199
      27.000000    1924.803500     -13.967286       0.229167       0.026347       2.000000   36527.960544
      27.000000    1941.171000      -4.118857       0.138339       0.023497       2.000000   41306.044355
      27.000000    1957.538500       7.121332       0.173514       0.020173       2.000000   48519.030605
      27.000000    1973.906000      20.649681       0.409988       0.016109       2.000000   61265.676954
      28.000000    1841.518000     -22.531521      -3.651779       0.027682       2.000000   33261.708886
      28.000000    1856.737091     -13.918862      -3.849807       0.025311       2.000000   36679.173372
      28.000000    1871.956182      -4.402355      -3.968951       0.022652       2.000000   41319.799994
      28.000000    1887.175273       6.408487      -3.975438       0.019568       2.000000   48221.584117
      28.000000    1902.394364      19.302330      -3.805569       0.015831       2.000000   60085.139975
      29.000000    1779.132000     -22.227495      -7.415413       0.026575       2.000000   33473.896189
      29.000000    1793.319727     -13.872812      -7.631164       0.024349       2.000000   36825.682540
      29.000000    1807.507455      -4.665195      -7.774413       0.021862       2.000000   41338.764183
      29.000000    1821.695182       5.749747      -7.816233       0.018993       2.000000   47956.667533
      29.000000    1835.882909      18.069412      -7.702363       0.015546       2.000000   59047.463121
      30.000000    1720.833000     -21.941397     -10.916613       0.025549       2.000000   33676.971052
      30.000000    1734.090727     -13.828972     -11.147509       0.023454       2.000000   36967.228225
      30.000000    1747.348455      -4.909936     -11.311442       0.021123       2.000000   41361.149695
      30.000000    1760.606182       5.138261     -11.383399       0.018448       2.000000   47718.852110
      30.000000    1773.863909      16.935196     -11.316796       0.015258       2.000000   58128.070168
      31.000000    1666.233000     -21.670975     -14.182616       0.024596       2.000000   33871.391161
      31.000000    1678.649136     -13.786640     -14.426577       0.022621       2.000000   37103.781446
      31.000000    1691.065273      -5.138014     -14.608360       0.020430       2.000000   41385.890136
      31.000000    1703.481409       4.569244     -14.706148       0.017930       2.000000   47504.245801
      31.000000    1715.897545      15.887995     -14.679613       0.014971       2.000000   57308.573082
      32.000000    1614.990000     -21.415231     -17.236749       0.023710       2.000000   34057.089404
      32.000000    1626.642273     -13.746089     -17.492097       0.021843       2.000000   37234.881433
      32.000000    1638.294545      -5.351439     -17.689361       0.019781       2.000000   41411.719687
      32.000000    1649.946818       4.037961     -17.809396       0.017438       2.000000   47309.092389
      32.000000    1661.599091      14.917469     -17.816978       0.014685       2.000000   56573.357697
      33.000000    1566.804000     -21.172554     -20.099152       0.022884       2.000000   34234.234387
      33.000000    1577.760818     -13.706920     -20.364526       0.021115       2.000000   37360.372111
      33.000000    1588.717636      -5.551420     -20.575284       0.019170       2.000000   41437.893750
      33.000000    1599.674455       3.540767     -20.714551       0.016971       2.000000   47130.537174
      33.000000    1610.631273      14.015148     -20.751287       0.014404       2.000000   55909.843233
      34.000000    1521.410000     -20.941308     -22.787291       0.022112       2.000000   34403.078724
      34.000000    1531.731591     -13.668708     -23.061584       0.020434       2.000000   37480.132893
      34.000000    1542.053182      -5.739109     -23.284169       0.018595       2.000000   41463.729141
      34.000000    1552.374773       3.074195     -23.440114       0.016527       2.000000   46965.936807
      34.000000    1562.696364      13.173217     -23.501830       0.014127       2.000000   55307.026924
      35.000000    1478.571000     -20.721268     -25.316339       0.021389       2.000000   34563.441971
      35.000000    1488.311455     -13.631732     -25.598669       0.019795       2.000000   37593.763387
      35.000000    1498.051909      -5.915514     -25.831705       0.018054       2.000000   41488.618387
      35.000000    1507.792364       2.636034     -26.002167       0.016104       2.000000   46813.579127
      35.000000    1517.532818      12.386854     -26.085308       0.013857       2.000000   54757.576292
      36.000000    1438.079000     -20.510145     -27.699684       0.020712       2.000000   34716.118587
      36.000000    1447.285591     -13.595105     -27.989281       0.019194       2.000000   37701.467087
      36.000000    1456.492182      -6.081532     -28.231594       0.017543       2.000000   41512.008675
      36.000000    1465.698773       2.222933     -28.414716       0.015702       2.000000   46670.977035
      36.000000    1474.905364      11.648631     -28.516257       0.013593       2.000000   54252.282722
