Executing C:\Users\Jason Fucik\OneDrive - California Institute of Technology\Documents\Zemax\MACROS\HISPEC\echelle_Rcalc.ZPL.
      22.000000    2332.128000     -24.862658      26.307832       0.036759       2.000000   31721.932089
      22.000000    2356.780500     -14.260256      26.340224       0.033006       2.000000   35702.102684
      22.000000    2381.433000      -2.292509      26.508124       0.028774       2.000000   41381.201705
      22.000000    2406.085500      11.786378      26.906639       0.023722       2.000000   50713.742795
      22.000000    2430.738000      29.827205      27.705341       0.017243       2.000000   70486.136709
      23.000000    2232.987000     -24.408861      20.060210       0.034857       2.000000   32030.879266
      23.000000    2255.542227     -14.200530      20.027227       0.031430       2.000000   35882.294309
      23.000000    2278.097455      -2.730841      20.119783       0.027550       2.000000   41344.692616
      23.000000    2300.652682      10.665883      20.417464       0.022931       2.000000   50165.030246
      23.000000    2323.207909      27.575133      21.069992       0.017062       2.000000   68081.407883
      24.000000    2141.927000     -23.983850      14.376079       0.033147       2.000000   32309.903311
      24.000000    2162.642000     -14.142050      14.293963       0.029993       2.000000   36052.858855
      24.000000    2183.357000      -3.128629      14.326279       0.026420       2.000000   41320.708269
      24.000000    2204.072000       9.651408      14.539617       0.022184       2.000000   49677.346214
      24.000000    2224.787000      25.561847      15.061179       0.016853       2.000000   66007.057326
      25.000000    2058.000000     -23.587078       9.183222       0.031595       2.000000   32568.675044
      25.000000    2077.090909     -14.085828       9.062734       0.028675       2.000000   36217.827015
      25.000000    2096.181818      -3.491691       9.046062       0.025372       2.000000   41308.801236
      25.000000    2115.272727       8.728483       9.189108       0.021476       2.000000   49247.378143
      25.000000    2134.363636      23.754113       9.598424       0.016621       2.000000   64207.341946
      26.000000    1980.399000     -23.217165       4.419288       0.030177       2.000000   32812.707785
      26.000000    1998.049682     -14.032483       4.268001       0.027462       2.000000   36378.224381
      26.000000    2015.700364      -3.824761       4.211000       0.024399       2.000000   41307.434934
      26.000000    2033.351045       7.885214       4.295293       0.020804       2.000000   48868.412989
      26.000000    2051.001727      22.123567       4.610110       0.016369       2.000000   62649.535817
      27.000000    1908.436000     -22.871258       0.031471       0.028876       2.000000   33045.026683
      27.000000    1924.803500     -13.981487      -0.145039       0.026342       2.000000   36534.417311
      27.000000    1941.171000      -4.131126      -0.235630       0.023492       2.000000   41315.097649
      27.000000    1957.538500       7.111973      -0.200653       0.020167       2.000000   48533.947372
      27.000000    1973.906000      20.645752       0.034939       0.016101       2.000000   61297.492597
      28.000000    1841.518000     -22.547207      -4.024713       0.027678       2.000000   33267.014077
      28.000000    1856.737091     -13.933042      -4.222240       0.025306       2.000000   36686.101149
      28.000000    1871.956182      -4.414526      -4.341146       0.022647       2.000000   41329.549099
      28.000000    1887.175273       6.399284      -4.347777       0.019561       2.000000   48237.009936
      28.000000    1902.394364      19.298318      -4.178650       0.015823       2.000000   60115.515888
      29.000000    1779.132000     -22.243170      -7.786819       0.026571       2.000000   33479.347571
      29.000000    1793.319727     -13.886963      -8.002121       0.024344       2.000000   36833.032957
      29.000000    1807.507455      -4.677282      -8.145148       0.021857       2.000000   41349.113106
      29.000000    1821.695182       5.740658      -8.187070       0.018987       2.000000   47972.543285
      29.000000    1835.882909      18.065311      -8.073808       0.015538       2.000000   59076.735216
      30.000000    1720.833000     -21.957034     -11.286707       0.025545       2.000000   33682.536702
      30.000000    1734.090727     -13.843082     -11.517219       0.023450       2.000000   36974.938149
      30.000000    1747.348455      -4.921950     -11.680958       0.021118       2.000000   41371.991459
      30.000000    1760.606182       5.129251     -11.752987       0.018441       2.000000   47735.089455
      30.000000    1773.863909      16.930989     -11.686869       0.015251       2.000000   58156.440834
      31.000000    1666.233000     -21.686544     -14.551562       0.024592       2.000000   33877.019844
      31.000000    1678.649136     -13.800691     -14.795213       0.022616       2.000000   37111.776068
      31.000000    1691.065273      -5.149960     -14.976835       0.020425       2.000000   41397.118216
      31.000000    1703.481409       4.560284     -15.074676       0.017924       2.000000   47520.745512
      31.000000    1715.897545      15.883657     -15.048517       0.014963       2.000000   57336.154259
      32.000000    1614.990000     -21.430696     -17.604663       0.023706       2.000000   34062.716555
      32.000000    1626.642273     -13.760062     -17.859783       0.021838       2.000000   37243.076249
      32.000000    1638.294545      -5.363321     -18.056925       0.019775       2.000000   41423.230940
      32.000000    1649.946818       4.029025     -18.177000       0.017432       2.000000   47325.753120
      32.000000    1661.599091      14.912977     -18.184863       0.014678       2.000000   56600.197007
      33.000000    1566.804000     -21.187879     -20.466107       0.022880       2.000000   34239.789871
      33.000000    1577.760818     -13.720797     -20.731343       0.021111       2.000000   37368.675711
      33.000000    1588.717636      -5.563237     -20.942024       0.019164       2.000000   41449.587287
      33.000000    1599.674455       3.531836     -21.081324       0.016965       2.000000   47147.258179
      33.000000    1610.631273      14.010481     -21.118256       0.014397       2.000000   55935.945207
      34.000000    1521.410000     -20.956457     -23.153328       0.022108       2.000000   34408.495454
      34.000000    1531.731591     -13.682466     -23.427577       0.020429       2.000000   37488.450497
      34.000000    1542.053182      -5.750857     -23.650135       0.018590       2.000000   41475.503740
      34.000000    1552.374773       3.065257     -23.806112       0.016521       2.000000   46982.616670
      34.000000    1562.696364      13.168355     -23.867944       0.014121       2.000000   55332.368242
      35.000000    1478.571000     -20.736204     -25.681465       0.021386       2.000000   34568.664153
      35.000000    1488.311455     -13.645350     -25.963850       0.019790       2.000000   37602.001153
      35.000000    1498.051909      -5.927189     -26.196915       0.018049       2.000000   41500.371178
      35.000000    1507.792364       2.627078     -26.367410       0.016099       2.000000   46830.114942
      35.000000    1517.532818      12.381783     -26.450594       0.013851       2.000000   54782.120409
      36.000000    1438.079000     -20.524837     -28.063886       0.020709       2.000000   34721.110963
      36.000000    1447.285591     -13.608559     -28.353633       0.019190       2.000000   37709.538243
      36.000000    1456.492182      -6.093126     -28.596034       0.017538       2.000000   41523.636230
      36.000000    1465.698773       2.213951     -28.779195       0.015697       2.000000   46687.263834
      36.000000    1474.905364      11.643338     -28.880711       0.013587       2.000000   54275.986155
