Executing C:\Users\Jason Fucik\OneDrive - California Institute of Technology\Documents\Zemax\MACROS\HISPEC\echelle_Rcalc.ZPL.
      21.000000     976.190000     -26.523476      28.118855       0.015800       2.000000   30892.820829
      21.000000     986.767500     -15.859956      28.318466       0.013992       2.000000   35261.779347
      21.000000     997.345000      -3.706072      28.546476       0.012132       2.000000   41103.314873
      21.000000    1007.922500      10.609544      28.868070       0.010037       2.000000   50209.739604
      21.000000    1018.500000      28.744626      29.307446       0.007473       2.000000   68144.884122
      22.000000     932.851000     -25.896003      22.796042       0.014875       2.000000   31355.397700
      22.000000     942.712136     -15.348863      22.898678       0.013206       2.000000   35692.760835
      22.000000     952.573273      -3.360038      23.042700       0.011481       2.000000   41483.178801
      22.000000     962.434409      10.738934      23.312125       0.009500       2.000000   50656.376199
      22.000000     972.295545      28.607761      23.744029       0.007060       2.000000   68858.758973
      23.000000     893.195000     -25.291060      17.917312       0.014058       2.000000   31768.515704
      23.000000     902.217045     -15.103979      17.938962       0.012544       2.000000   35962.996900
      23.000000     911.239091      -3.595258      18.010373       0.010981       2.000000   41491.613226
      23.000000     920.261136       9.838788      18.217074       0.009160       2.000000   50234.392059
      23.000000     929.283182      26.660557      18.607645       0.006942       2.000000   66932.031862
      24.000000     856.771000     -24.712764      13.439854       0.013327       2.000000   32143.497616
      24.000000     865.056909     -14.867383      13.400622       0.011951       2.000000   36192.311197
      24.000000     873.342818      -3.807503      13.417346       0.010527       2.000000   41479.992425
      24.000000     881.628727       9.013715      13.566158       0.008850       2.000000   49807.863153
      24.000000     889.914636      24.895385      13.904765       0.006818       2.000000   65262.756210
      25.000000     823.200000     -24.162694       9.323803       0.012673       2.000000   32477.981533
      25.000000     830.836364     -14.642347       9.240750       0.011416       2.000000   36388.819206
      25.000000     838.472727      -4.000546       9.216930       0.010111       2.000000   41464.001427
      25.000000     846.109091       8.258428       9.314193       0.008564       2.000000   49396.573353
      25.000000     853.745455      23.290049       9.593198       0.006692       2.000000   63785.967668
      26.000000     792.160000     -23.641535       5.532191       0.012086       2.000000   32772.710555
      26.000000     799.220227     -14.430216       5.417794       0.010930       2.000000   36560.474559
      26.000000     806.280455      -4.177197       5.363421       0.009725       2.000000   41451.887593
      26.000000     813.340682       7.566775       5.416077       0.008297       2.000000   49014.106306
      26.000000     820.400909      21.827563       5.633898       0.006569       2.000000   62446.422401
      27.000000     763.374000     -23.150870       2.031083       0.011555       2.000000   33030.874039
      27.000000     769.921045     -14.232748       1.893530       0.010486       2.000000   36712.535051
      27.000000     776.468091      -4.341199       1.815194       0.009367       2.000000   41445.584706
      27.000000     783.015136       6.930755       1.829861       0.008045       2.000000   48664.992397
      27.000000     789.562182      20.492017       1.990075       0.006449       2.000000   61220.266055
      28.000000     736.607000     -22.686879      -1.210102       0.011074       2.000000   33258.620762
      28.000000     742.694727     -14.046700      -1.365841       0.010077       2.000000   36849.968302
      28.000000     748.782455      -4.491957      -1.463942       0.009033       2.000000   41445.898600
      28.000000     754.870182       6.346025      -1.481405       0.007806       2.000000   48350.635774
      28.000000     760.957909      19.271476      -1.372305       0.006331       2.000000   60100.688310
      29.000000     711.653000     -22.248944      -4.218256       0.010634       2.000000   33460.413839
      29.000000     717.328000     -13.872198      -4.389374       0.009700       2.000000   36974.498157
      29.000000     723.003000      -4.632261      -4.504639       0.008721       2.000000   41450.047726
      29.000000     728.678000       5.804976      -4.549310       0.007580       2.000000   48066.322021
      29.000000     734.353000      18.150793      -4.483850       0.006215       2.000000   59078.724786
      30.000000     688.333000     -21.836142      -7.016743       0.010231       2.000000   33640.007042
      30.000000     693.636182     -13.708561      -7.201756       0.009351       2.000000   37087.085885
      30.000000     698.939364      -4.763128      -7.332574       0.008430       2.000000   41455.503667
      30.000000     704.242545       5.303274      -7.400407       0.007365       2.000000   47807.898470
      30.000000     709.545727      17.120138      -7.371264       0.006101       2.000000   58148.906564
      31.000000     666.493000     -21.444046      -9.625850       0.009859       2.000000   33801.764539
      31.000000     671.459591     -13.552854      -9.823934       0.009028       2.000000   37189.122201
      31.000000     676.426182      -4.884502      -9.969229       0.008158       2.000000   41460.237217
      31.000000     681.392773       4.836392     -10.056929       0.007162       2.000000   47570.265416
      31.000000     686.359364      16.167553     -10.057564       0.005989       2.000000   57300.893060
      32.000000     645.996000     -21.071368     -12.063038       0.009514       2.000000   33948.105414
      32.000000     650.656909     -13.404712     -12.273668       0.008726       2.000000   37280.642274
      32.000000     655.317818      -4.997927     -12.432639       0.007903       2.000000   41461.593496
      32.000000     659.978727       4.399596     -12.537535       0.006969       2.000000   47348.051170
      32.000000     664.639636      15.282805     -12.562411       0.005879       2.000000   56524.400796
      33.000000     626.722000     -20.715967     -14.343486       0.009195       2.000000   34081.284952
      33.000000     631.104500     -13.262720     -14.566182       0.008446       2.000000   37362.132724
      33.000000     635.487000      -5.103430     -14.738119       0.007664       2.000000   41458.145757
      33.000000     639.869500       3.990450     -14.858026       0.006787       2.000000   47137.761812
      33.000000     644.252000      14.459118     -14.902614       0.005772       2.000000   55811.566732
      34.000000     608.564000     -20.377455     -16.480399       0.008896       2.000000   34202.439909
      34.000000     612.692636     -13.126599     -16.714628       0.008184       2.000000   37433.646715
      34.000000     616.821273      -5.201259     -16.898829       0.007441       2.000000   41448.799867
      34.000000     620.949909       3.607541     -17.031950       0.006615       2.000000   46936.987956
      34.000000     625.078545      13.692470     -17.092644       0.005666       2.000000   55156.613921
      35.000000     591.429000     -20.052292     -18.485521       0.008618       2.000000   34313.767063
      35.000000     595.324909     -12.994588     -18.730564       0.007939       2.000000   37496.048848
      35.000000     599.220818      -5.292045     -18.926229       0.007231       2.000000   41432.687803
      35.000000     603.116727       3.246865     -19.071043       0.006452       2.000000   46741.924438
      35.000000     607.012636      12.973377     -19.145068       0.005564       2.000000   54548.503166
      36.000000     575.231000     -19.742823     -20.369064       0.008357       2.000000   34414.721486
      36.000000     578.913727     -12.868590     -20.624125       0.007709       2.000000   37548.589689
      36.000000     582.596455      -5.377335     -20.830424       0.007035       2.000000   41408.810767
      36.000000     586.279182       2.906980     -20.985659       0.006297       2.000000   46551.003987
      36.000000     589.961909      12.299654     -21.070904       0.005464       2.000000   53983.265893
      37.000000     559.898000     -19.442681     -22.140504       0.008112       2.000000   34508.370820
      37.000000     563.384136     -12.744167     -22.404578       0.007493       2.000000   37593.635682
      37.000000     566.870273      -5.455062     -22.620540       0.006850       2.000000   41378.497152
      37.000000     570.356409       2.586813     -22.785041       0.006151       2.000000   46363.278576
      37.000000     573.842545      11.665386     -22.879914       0.005368       2.000000   53453.733398
      38.000000     545.360000     -19.155991     -23.807954       0.007883       2.000000   34593.074950
      38.000000     548.665227     -12.624741     -24.080053       0.007290       2.000000   37629.849614
      38.000000     551.970455      -5.527868     -24.304727       0.006676       2.000000   41340.681712
      38.000000     555.275682       2.284457     -24.477518       0.006012       2.000000   46177.525370
      38.000000     558.580909      11.068905     -24.580842       0.005274       2.000000   52956.875696
      39.000000     531.558000     -18.879381     -25.379048       0.007666       2.000000   34670.364809
      39.000000     534.695955     -12.508237     -25.658104       0.007099       2.000000   37658.562867
      39.000000     537.833909      -5.595211     -25.890484       0.006512       2.000000   41296.229934
      39.000000     540.971864       1.998433     -26.070665       0.005881       2.000000   45993.048770
      39.000000     544.109818      10.505546     -26.181561       0.005183       2.000000   52487.302000
      40.000000     518.438000     -18.611193     -26.860653       0.007461       2.000000   34740.946002
      40.000000     521.420727     -12.393937     -27.145589       0.006919       2.000000   37680.460373
      40.000000     524.403455      -5.657462     -27.384659       0.006357       2.000000   41245.584810
      40.000000     527.386182       1.726941     -27.571403       0.005756       2.000000   45809.091857
      40.000000     530.368909       9.971185     -27.689199       0.005096       2.000000   52040.447722
      41.000000     505.949000     -18.354360     -28.258769       0.007269       2.000000   34803.370645
      41.000000     508.788091     -12.283928     -28.548656       0.006749       2.000000   37694.802815
      41.000000     511.627182      -5.715690     -28.793513       0.006211       2.000000   41188.817108
      41.000000     514.466273       1.470037     -28.986110       0.005638       2.000000   45626.240745
      41.000000     517.305364       9.466851     -29.110282       0.005011       2.000000   51616.345466
      42.000000     494.048000     -18.105113     -29.579165       0.007086       2.000000   34859.150298
      42.000000     496.753455     -12.175775     -29.873099       0.006588       2.000000   37703.047864
      42.000000     499.458909      -5.768984     -30.122850       0.006072       2.000000   41127.097551
      42.000000     502.164364       1.226729     -30.320622       0.005525       2.000000   45444.393361
      42.000000     504.869818       8.988784     -30.450720       0.004929       2.000000   51211.128887
