Executing C:\Users\Jason Fucik\OneDrive - California Institute of Technology\Documents\Zemax\MACROS\HISPEC\echelle_Rcalc.ZPL.
      40.000000    1313.375000     -15.901127      14.458851       0.016919       2.000000   38814.421630
      40.000000    1320.931818      -8.886217      14.454745       0.015403       2.000000   42877.672413
      40.000000    1328.488636      -1.119813      14.475644       0.013798       2.000000   48140.218121
      40.000000    1336.045455       7.649154      14.529212       0.012062       2.000000   55381.887977
      40.000000    1343.602273      17.893390      14.636496       0.010053       2.000000   66825.827202
      41.000000    1281.737000     -15.719000      11.906186       0.016433       2.000000   38999.852890
      41.000000    1288.929727      -8.847437      11.884365       0.014977       2.000000   43029.793850
      41.000000    1296.122455      -1.252986      11.887701       0.013447       2.000000   48195.169612
      41.000000    1303.315182       7.298035      11.926046       0.011795       2.000000   55249.029125
      41.000000    1310.507909      17.237395      12.017304       0.009907       2.000000   66137.822597
      42.000000    1251.587000     -15.542322       9.475250       0.015970       2.000000   39185.577446
      42.000000    1258.441318      -8.808395       9.436418       0.014575       2.000000   43170.887904
      42.000000    1265.295636      -1.379600       9.423650       0.013115       2.000000   48239.356102
      42.000000    1272.149955       6.962618       9.447967       0.011541       2.000000   55115.175463
      42.000000    1279.004273      16.615783       9.526336       0.009758       2.000000   65538.277260
      43.000000    1222.823000     -15.369930       7.157846       0.015531       2.000000   39366.393560
      43.000000    1229.362091      -8.768801       7.103301       0.014196       2.000000   43301.105587
      43.000000    1235.901182      -1.499778       7.075927       0.012801       2.000000   48274.435414
      43.000000    1242.440273       6.642146       7.087220       0.011299       2.000000   54979.840027
      43.000000    1248.979364      16.024728       7.154069       0.009608       2.000000   64994.793259
      44.000000    1195.351000     -15.202171       4.946828       0.015116       2.000000   39539.313907
      44.000000    1201.596455      -8.728971       4.878025       0.013837       2.000000   43420.938015
      44.000000    1207.841909      -1.613494       4.837452       0.012503       2.000000   48302.166164
      44.000000    1214.087364       6.336974       4.836654       0.011068       2.000000   54844.543625
      44.000000    1220.332818      15.463760       4.892681       0.009461       2.000000   64492.504059
      45.000000    1169.086000     -15.038793       2.835712       0.014723       2.000000   39703.354798
      45.000000    1175.056909      -8.689602       2.754070       0.013497       2.000000   43530.866289
      45.000000    1181.027818      -1.722467       2.701572       0.012220       2.000000   48322.777476
      45.000000    1186.998727       6.043979       2.689560       0.010849       2.000000   54707.875562
      45.000000    1192.969636      14.927091       2.735227       0.009318       2.000000   64017.136731
      46.000000    1143.951000     -14.878865       0.818503       0.014350       2.000000   39858.829743
      46.000000    1149.665091      -8.649566       0.725318       0.013174       2.000000   43632.544066
      46.000000    1155.379182      -1.825307       0.662029       0.011951       2.000000   48338.522791
      46.000000    1161.093273       5.764798       0.639658       0.010638       2.000000   54572.700167
      46.000000    1166.807364      14.416253       0.675428       0.009178       2.000000   63567.294192
      47.000000    1119.873000     -14.724105      -1.110327       0.013997       2.000000   40005.015410
      47.000000    1125.346636      -8.610753      -1.213908       0.012868       2.000000   43725.616143
      47.000000    1130.820273      -1.924151      -1.287000       0.011694       2.000000   48348.771845
      47.000000    1136.293909       5.496865      -1.318932       0.010437       2.000000   54437.860366
      47.000000    1141.767545      13.927772      -1.292574       0.009042       2.000000   63137.464133
      48.000000    1096.788000     -14.572968      -2.955976       0.013661       2.000000   40143.288078
      48.000000    1102.035955      -8.571922      -3.068929       0.012577       2.000000   43811.633632
      48.000000    1107.283909      -2.018174      -3.150946       0.011450       2.000000   48354.888949
      48.000000    1112.531864       5.240404      -3.191678       0.010243       2.000000   54304.534906
      48.000000    1117.779818      13.460879      -3.174208       0.008910       2.000000   62726.434794
      49.000000    1074.635000     -14.426318      -4.723239       0.013342       2.000000   40273.755902
      49.000000    1079.670909      -8.534077      -4.844656       0.012300       2.000000   43890.613400
      49.000000    1084.706818      -2.108625      -4.934821       0.011216       2.000000   48356.542394
      49.000000    1089.742727       4.993772      -4.983656       0.010058       2.000000   54172.034879
      49.000000    1094.778636      13.013234      -4.974542       0.008782       2.000000   62331.636864
      50.000000    1053.360000     -14.282526      -6.416639       0.013037       2.000000   40398.015997
      50.000000    1058.196364      -8.495652      -6.545689       0.012035       2.000000   43964.169243
      50.000000    1063.032727      -2.194077      -6.643294       0.010992       2.000000   48355.295106
      50.000000    1067.869091       4.758153      -6.699572       0.009880       2.000000   54042.080617
      50.000000    1072.705455      12.585583      -6.698276       0.008657       2.000000   61954.304788
      51.000000    1032.910000     -14.143698      -8.040308       0.012747       2.000000   40515.510386
      51.000000    1037.558636      -8.458683      -8.176236       0.011782       2.000000   44031.529814
      51.000000    1042.207273      -2.276563      -8.280647       0.010778       2.000000   48350.067677
      51.000000    1046.855909       4.531424      -8.343781       0.009709       2.000000   53913.323281
      51.000000    1051.504545      12.175537      -8.349807       0.008536       2.000000   61592.114975
      52.000000    1013.240000     -14.007203      -9.598222       0.012470       2.000000   40628.445090
      52.000000    1017.711364      -8.421045      -9.740288       0.011540       2.000000   44094.612374
      52.000000    1022.182727      -2.354611      -9.850896       0.010572       2.000000   48342.376389
      52.000000    1026.654091       4.314198      -9.920329       0.009544       2.000000   53786.812500
      52.000000    1031.125455      11.782516      -9.933221       0.008418       2.000000   61244.859663
      53.000000     994.304000     -13.875751     -11.093965       0.012204       2.000000   40735.903490
      53.000000     998.608318      -8.385035     -11.241481       0.011309       2.000000   44152.437678
      53.000000    1002.912636      -2.430100     -11.357732       0.010375       2.000000   48331.231081
      53.000000    1007.216955       4.105028     -11.432974       0.009385       2.000000   53661.726254
      53.000000    1011.521273      11.405488     -11.452340       0.008303       2.000000   60911.808073
      54.000000     976.063000     -13.747543     -12.531028       0.011950       2.000000   40839.609638
      54.000000     980.209364      -8.349336     -12.683293       0.011087       2.000000   44206.401371
      54.000000     984.355727      -2.502327     -12.804637       0.010186       2.000000   48317.593130
      54.000000     988.502091       3.903815     -12.885232       0.009232       2.000000   53538.446242
      54.000000     992.648455      11.043245     -12.910739       0.008191       2.000000   60592.041070
      55.000000     958.479000     -13.623094     -13.912642       0.011706       2.000000   40939.935531
      55.000000     962.476045      -8.314314     -14.068960       0.010874       2.000000   44256.813796
      55.000000     966.473091      -2.571534     -14.194866       0.010005       2.000000   48301.748437
      55.000000     970.470136       3.710410     -14.280399       0.009084       2.000000   53417.320617
      55.000000     974.467182      10.695658     -14.311778       0.008082       2.000000   60285.834418
