Executing C:\Users\Jason Fucik\OneDrive - California Institute of Technology\Documents\Zemax\MACROS\HISPEC\echelle_Rcalc.ZPL.
      40.000000    1313.375000     -15.894027      14.836760       0.016923       2.000000   38805.303691
      40.000000    1320.931818      -8.881334      14.832944       0.015409       2.000000   42861.814783
      40.000000    1328.488636      -1.118074      14.854127       0.013804       2.000000   48119.047015
      40.000000    1336.045455       7.646592      14.907506       0.012069       2.000000   55351.583068
      40.000000    1343.602273      17.884756      15.014514       0.010059       2.000000   66786.341906
      41.000000    1281.737000     -15.712216      12.283783       0.016437       2.000000   38989.416773
      41.000000    1288.929727      -8.842857      12.262467       0.014983       2.000000   43014.418244
      41.000000    1296.122455      -1.251334      12.266129       0.013452       2.000000   48175.097446
      41.000000    1303.315182       7.295693      12.304275       0.011801       2.000000   55219.899927
      41.000000    1310.507909      17.229110      12.394874       0.009914       2.000000   66094.931420
      42.000000    1251.587000     -15.535933       9.852558       0.015974       2.000000   39174.702405
      42.000000    1258.441318      -8.804118       9.814315       0.014580       2.000000   43156.193868
      42.000000    1265.295636      -1.378035       9.801877       0.013120       2.000000   48220.342089
      42.000000    1272.149955       6.960481       9.826010       0.011547       2.000000   55087.414447
      42.000000    1279.004273      16.607994       9.903592       0.009764       2.000000   65494.817318
      43.000000    1222.823000     -15.363956       7.534809       0.015536       2.000000   39355.585674
      43.000000    1229.362091      -8.764810       7.480871       0.014200       2.000000   43287.158943
      43.000000    1235.901182      -1.498298       7.453813       0.012806       2.000000   48256.384457
      43.000000    1242.440273       6.640191       7.464944       0.011304       2.000000   54953.447168
      43.000000    1248.979364      16.017472       7.530994       0.009615       2.000000   64952.233034
      44.000000    1195.351000     -15.196604       5.323367       0.015120       2.000000   39528.853907
      44.000000    1201.596455      -8.725245       5.255158       0.013841       2.000000   43407.740568
      44.000000    1207.841909      -1.612097       5.214883       0.012507       2.000000   48284.977367
      44.000000    1214.087364       6.335173       5.213942       0.011074       2.000000   54819.439654
      44.000000    1220.332818      15.457018       5.269205       0.009467       2.000000   64451.546529
      45.000000    1169.086000     -15.033613       3.211746       0.014726       2.000000   39693.385931
      45.000000    1175.056909      -8.686122       3.130676       0.013501       2.000000   43518.393146
      45.000000    1181.027818      -1.721151       3.078457       0.012224       2.000000   48306.366929
      45.000000    1186.998727       6.042311       3.066318       0.010853       2.000000   54683.964589
      45.000000    1192.969636      14.920827       3.111265       0.009323       2.000000   63978.074293
      46.000000    1143.951000     -14.874051       1.193958       0.014353       2.000000   39849.410954
      46.000000    1149.665091      -8.646315       1.101323       0.013178       2.000000   43620.761666
      46.000000    1155.379182      -1.824070       1.038299       0.011955       2.000000   48322.828381
      46.000000    1161.093273       5.763242       1.015811       0.010642       2.000000   54549.890428
      46.000000    1166.807364      14.410424       1.050903       0.009183       2.000000   63530.187243
      47.000000    1119.873000     -14.719634      -0.735514       0.014000       2.000000   39996.154132
      47.000000    1125.346636      -8.607719      -0.838565       0.012872       2.000000   43714.491914
      47.000000    1130.820273      -1.922991      -0.911401       0.011698       2.000000   48333.755354
      47.000000    1136.293909       5.495408      -0.943443       0.010441       2.000000   54416.079697
      47.000000    1141.767545      13.922339      -0.917729       0.009047       2.000000   63102.261207
      48.000000    1096.788000     -14.568821      -2.581856       0.013664       2.000000   40134.957928
      48.000000    1102.035955      -8.569094      -2.694298       0.012580       2.000000   43801.137060
      48.000000    1107.283909      -2.017091      -2.776065       0.011453       2.000000   48340.529892
      48.000000    1112.531864       5.239035      -2.816904       0.010247       2.000000   54283.728570
      48.000000    1117.779818      13.455805      -2.800052       0.008915       2.000000   62693.026703
      49.000000    1074.635000     -14.422476      -4.349857       0.013344       2.000000   40265.908073
      49.000000    1079.670909      -8.531448      -4.470781       0.012302       2.000000   43880.716340
      49.000000    1084.706818      -2.107618      -4.560700       0.011219       2.000000   48342.833917
      49.000000    1089.742727       4.992483      -4.609639       0.010062       2.000000   54152.164610
      49.000000    1094.778636      13.008489      -4.601122       0.008786       2.000000   62299.891990
      50.000000    1053.360000     -14.278971      -6.044032       0.013040       2.000000   40390.584441
      50.000000    1058.196364      -8.493214      -6.172607       0.012037       2.000000   43954.842360
      50.000000    1063.032727      -2.193146      -6.269969       0.010995       2.000000   48342.236148
      50.000000    1067.869091       4.756936      -6.326352       0.009883       2.000000   54023.116472
      50.000000    1072.705455      12.581138      -6.325633       0.008661       2.000000   61924.078265
      51.000000    1032.910000     -14.140412      -7.668503       0.012749       2.000000   40508.415166
      51.000000    1037.558636      -8.456431      -7.803980       0.011784       2.000000   44022.741308
      51.000000    1042.207273      -2.275708      -7.908155       0.010780       2.000000   48337.659705
      51.000000    1046.855909       4.530273      -7.971390       0.009712       2.000000   53895.241550
      51.000000    1051.504545      12.171367      -7.977974       0.008540       2.000000   61563.261801
      52.000000    1013.240000     -14.004168      -9.227237       0.012472       2.000000   40621.592657
      52.000000    1017.711364      -8.418972      -9.368886       0.011542       2.000000   44086.322822
      52.000000    1022.182727      -2.353833      -9.479266       0.010575       2.000000   48330.615713
      52.000000    1026.654091       4.313107      -9.548800       0.009547       2.000000   53769.587239
      52.000000    1031.125455      11.778597      -9.562225       0.008422       2.000000   61217.232346
      53.000000     994.304000     -13.872944     -10.723810       0.012206       2.000000   40729.187001
      53.000000     998.608318      -8.383133     -10.870953       0.011311       2.000000   44144.599005
      53.000000    1002.912636      -2.429397     -10.986990       0.010378       2.000000   48320.106597
      53.000000    1007.216955       4.103990     -11.062331       0.009388       2.000000   53645.326291
      53.000000    1011.521273      11.401795     -11.082196       0.008307       2.000000   60885.256350
      54.000000     976.063000     -13.744940     -12.161700       0.011952       2.000000   40832.908002
      54.000000     980.209364      -8.347594     -12.313649       0.011089       2.000000   44198.952395
      54.000000     984.355727      -2.501697     -12.434800       0.010189       2.000000   48307.080561
      54.000000     988.502091       3.902824     -12.515492       0.009234       2.000000   53522.829314
      54.000000     992.648455      11.039756     -12.541455       0.008195       2.000000   60566.409744
      55.000000     958.479000     -13.620666     -13.544124       0.011708       2.000000   40933.112514
      55.000000     962.476045      -8.312719     -13.700200       0.010876       2.000000   44249.678505
      55.000000     966.473091      -2.570975     -13.825943       0.010007       2.000000   48291.807686
      55.000000     970.470136       3.709458     -13.911569       0.009086       2.000000   53402.429580
      55.000000     974.467182      10.692346     -13.943349       0.008085       2.000000   60260.958229
