# author : J. Bailey/J. Fucik
# date_created : 2026-05-26
# status : conceptual
# type : mirror:reflection
# wavelength_unit : nm
# description : ZecoatAg KCWI  Extended to NIR
# changes :
# - 2025-09-24 : created
#
wavelength  reflection
3300	0.95902
3295	0.95293
3290	1.0
3285	0.96933
3280	0.95053
3275	0.95989
3270	0.96910
3265	0.96489
3260	0.93262
3255	0.98767
3250	1.0
3245	0.99168
3240	0.93274
3235	0.94474
3230	0.95041
3225	0.97098
3220	0.96774
3215	0.92722
3210	0.94450
3205	0.95647
3200	0.95707
3195	0.94458
3190	0.98229
3185	0.95337
3180	0.97579
3175	0.95648
3170	0.95867
3165	0.94755
3160	0.96743
3155	0.97763
3150	0.95371
3145	0.97300
3140	0.98733
3135	0.96624
3130	0.97429
3125	0.96256
3120	0.94401
3115	0.98091
3110	0.96035
3105	0.96275
3100	0.96391
3095	0.95726
3090	0.97013
3085	0.97397
3080	0.97117
3075	0.96533
3070	0.96925
3065	0.96323
3060	0.96590
3055	0.96681
3050	0.96888
3045	0.96490
3040	0.96038
3035	0.95855
3030	0.96769
3025	0.95821
3020	0.95683
3015	0.96273
3010	0.96288
3005	0.96547
3000	0.96659
2995	0.96367
2990	0.96676
2985	0.96388
2980	0.96376
2975	0.96549
2970	0.96306
2965	0.96234
2960	0.96370
2955	0.96506
2950	0.96558
2945	0.96431
2940	0.96434
2935	0.96560
2930	0.96401
2925	0.96218
2920	0.96334
2915	0.96417
2910	0.96412
2905	0.96229
2900	0.96285
2895	0.96297
2890	0.96270
2885	0.96334
2880	0.96350
2875	0.96466
2870	0.96405
2865	0.96399
2860	0.96357
2855	0.96420
2850	0.96387
2845	0.96392
2840	0.96355
2835	0.96355
2830	0.96462
2825	0.96272
2820	0.96587
2815	0.96430
2810	0.96269
2805	0.96617
2800	0.96640
2795	0.96618
2790	0.96604
2785	0.96716
2780	0.96836
2775	0.96914
2770	0.96902
2765	0.96751
2760	0.97009
2755	0.96886
2750	0.97111
2745	0.96899
2740	0.96902
2735	0.97181
2730	0.97298
2725	0.97363
2720	0.97497
2715	0.97498
2710	0.97558
2705	0.97568
2700	0.97620
2695	0.97734
2690	0.97701
2685	0.97390
2680	0.97574
2675	0.97704
2670	0.97731
2665	0.97668
2660	0.97772
2655	0.97778
2650	0.97813
2645	0.97784
2640	0.97818
2635	0.97745
2630	0.97784
2625	0.97822
2620	0.97773
2615	0.97812
2610	0.97741
2605	0.97747
2600	0.97691
2595	0.97872
2590	0.97698
2585	0.97772
2580	0.97740
2575	0.97713
2570	0.97716
2565	0.97721
2560	0.97755
2555	0.97711
2550	0.97680
2545	0.97704
2540	0.97701
2535	0.97657
2530	0.97701
2525	0.97680
2520	0.97682
2515	0.97679
2510	0.97674
2505	0.97654
2500	0.97670
2495	0.97659
2490	0.97658
2485	0.97647
2480	0.97651
2475	0.97634
2470	0.97646
2465	0.97644
2460	0.97631
2455	0.97607
2450	0.97643
2445	0.97600
2440	0.97608
2435	0.97565
2430	0.97608
2425	0.97576
2420	0.97593
2415	0.97593
2410	0.97565
2405	0.97575
2400	0.97562
2395	0.97565
2390	0.97567
2385	0.97552
2380	0.97564
2375	0.97537
2370	0.97543
2365	0.97538
2360	0.97518
2355	0.97532
2350	0.97518
2345	0.97499
2340	0.97499
2335	0.97502
2330	0.97486
2325	0.97469
2320	0.97480
2315	0.97465
2310	0.97457
2305	0.97473
2300	0.97464
2295	0.97428
2290	0.97426
2285	0.97454
2280	0.97411
2275	0.97425
2270	0.97397
2265	0.97419
2260	0.97418
2255	0.97405
2250	0.97386
2245	0.97366
2240	0.97376
2235	0.97370
2230	0.97377
2225	0.97363
2220	0.97358
2215	0.97364
2210	0.97358
2205	0.97354
2200	0.97353
2195	0.97349
2190	0.97348
2185	0.97330
2180	0.97335
2175	0.97337
2170	0.97348
2165	0.97348
2160	0.97347
2155	0.97349
2150	0.97341
2145	0.97332
2140	0.97344
2135	0.97340
2130	0.97332
2125	0.97333
2120	0.97333
2115	0.97339
2110	0.97324
2105	0.97332
2100	0.97326
2095	0.97314
2090	0.97322
2085	0.97316
2080	0.97314
2075	0.97310
2070	0.97315
2065	0.97318
2060	0.97316
2055	0.97313
2050	0.97311
2045	0.97310
2040	0.97310
2035	0.97306
2030	0.97303
2025	0.97300
2020	0.97309
2015	0.97311
2010	0.97305
2005	0.97308
2000	0.97306
1995	0.97365
1990	0.97366
1985	0.97367
1980	0.97367
1975	0.97359
1970	0.97369
1965	0.97367
1960	0.97369
1955	0.97369
1950	0.97375
1945	0.97382
1940	0.97374
1935	0.97385
1930	0.97380
1925	0.97382
1920	0.97400
1915	0.97393
1910	0.97382
1905	0.97411
1900	0.97411
1895	0.97409
1890	0.97419
1885	0.97421
1880	0.97430
1875	0.97429
1870	0.97450
1865	0.97452
1860	0.97450
1855	0.97452
1850	0.97449
1845	0.97461
1840	0.97462
1835	0.97471
1830	0.97468
1825	0.97485
1820	0.97499
1815	0.97491
1810	0.97504
1805	0.97511
1800	0.97521
1795	0.97520
1790	0.97524
1785	0.97537
1780	0.97539
1775	0.97555
1770	0.97563
1765	0.97572
1760	0.97575
1755	0.97587
1750	0.97591
1745	0.97601
1740	0.97605
1735	0.97623
1730	0.97632
1725	0.97640
1720	0.97638
1715	0.97645
1710	0.97654
1705	0.97663
1700	0.97664
1695	0.97676
1690	0.97683
1685	0.97693
1680	0.97708
1675	0.97715
1670	0.97726
1665	0.97730
1660	0.97755
1655	0.97750
1650	0.97759
1645	0.97774
1640	0.97778
1635	0.97789
1630	0.97800
1625	0.97804
1620	0.97815
1615	0.97824
1610	0.97833
1605	0.97840
1600	0.97853
1595	0.97864
1590	0.97869
1585	0.97887
1580	0.97895
1575	0.97903
1570	0.97913
1565	0.97926
1560	0.97931
1555	0.97941
1550	0.97955
1545	0.97961
1540	0.97972
1535	0.97982
1530	0.97991
1525	0.98001
1520	0.98013
1515	0.98022
1510	0.98028
1505	0.98039
1500	0.98051
1495	0.98057
1490	0.98068
1485	0.98079
1480	0.98088
1475	0.98097
1470	0.98107
1465	0.98118
1460	0.98126
1455	0.98133
1450	0.98140
1445	0.98149
1440	0.98158
1435	0.98172
1430	0.98183
1425	0.98189
1420	0.98196
1415	0.98206
1410	0.98214
1405	0.98220
1400	0.98231
1395	0.98241
1390	0.98248
1385	0.98255
1380	0.98261
1375	0.98274
1370	0.98279
1365	0.98292
1360	0.98304
1355	0.98315
1350	0.98333
1345	0.98341
1340	0.98354
1335	0.98360
1330	0.98374
1325	0.98385
1320	0.98389
1315	0.98401
1310	0.98405
1305	0.98411
1300	0.98425
1295	0.98436
1290	0.98443
1285	0.98455
1280	0.98461
1275	0.98471
1270	0.98482
1265	0.98492
1260	0.98500
1255	0.98504
1250	0.98519
1245	0.98529
1240	0.98537
1235	0.98550
1230	0.98560
1225	0.98568
1220	0.98580
1215	0.98585
1210	0.98596
1205	0.98598
1200	0.98607
1195	0.98525
1190	0.98534
1185	0.98545
1180	0.98554
1175	0.98560
1170	0.98568
1165	0.98566
1160	0.98570
1155	0.98577
1150	0.98580
1145	0.98592
1140	0.98594
1135	0.98598
1130	0.98603
1125	0.98606
1120	0.98613
1115	0.98622
1110	0.98618
1105	0.98630
1100	0.98623
1095	0.98623
1090	0.98627
1085	0.98623
1080	0.98618
1075	0.98628
1070	0.98628
1065	0.98635
1060	0.98618
1055	0.98618
1050	0.98611
1045	0.98609
1040	0.98597
1035	0.98590
1030	0.98583
1025	0.98575
1020	0.98568
1015	0.98550
1010	0.98548
1005	0.98526
1000	0.989
999	0.989
998	0.989
997	0.989
996	0.989
995	0.989
994	0.989
993	0.989
992	0.989
991	0.989
990	0.989
989	0.989
988	0.989
987	0.989
986	0.989
985	0.989
984	0.989
983	0.989
982	0.989
981	0.989
980	0.990
979	0.990
978	0.990
977	0.990
976	0.990
975	0.990
974	0.990
973	0.990
972	0.990
971	0.989
970	0.989
969	0.989
968	0.989
967	0.989
966	0.989
965	0.989
964	0.989
963	0.989
962	0.989
961	0.989
960	0.989
959	0.989
958	0.989
957	0.989
956	0.989
955	0.989
954	0.989
953	0.989
952	0.988
951	0.988
950	0.988
949	0.988
948	0.988
947	0.988
946	0.988
945	0.988
944	0.988
943	0.988
942	0.988
941	0.988
940	0.988
939	0.988
938	0.988
937	0.988
936	0.989
935	0.989
934	0.989
933	0.989
932	0.990
931	0.990
930	0.990
929	0.990
928	0.990
927	0.990
926	0.989
925	0.989
924	0.989
923	0.989
922	0.989
921	0.988
920	0.988
919	0.988
918	0.988
917	0.989
916	0.989
915	0.989
914	0.989
913	0.989
912	0.989
911	0.989
910	0.989
909	0.988
908	0.988
907	0.988
906	0.988
905	0.989
904	0.989
903	0.989
902	0.989
901	0.989
900	0.989
899	0.989
898	0.989
897	0.989
896	0.989
895	0.989
894	0.989
893	0.989
892	0.990
891	0.990
890	0.990
889	0.990
888	0.990
887	0.990
886	0.990
885	0.990
884	0.990
883	0.990
882	0.990
881	0.990
880	0.990
879	0.990
878	0.990
877	0.990
876	0.990
875	0.990
874	0.989
873	0.989
872	0.989
871	0.989
870	0.989
869	0.989
868	0.989
867	0.989
866	0.989
865	0.989
864	0.989
863	0.989
862	0.989
861	0.989
860	0.989
859	0.989
858	0.989
857	0.989
856	0.989
855	0.990
854	0.990
853	0.990
852	0.989
851	0.989
850	0.989
849	0.989
848	0.989
847	0.989
846	0.989
845	0.989
844	0.989
843	0.989
842	0.989
841	0.989
840	0.989
839	0.989
838	0.989
837	0.989
836	0.989
835	0.989
834	0.989
833	0.989
832	0.989
831	0.989
830	0.989
829	0.989
828	0.989
827	0.989
826	0.989
825	0.989
824	0.989
823	0.989
822	0.989
821	0.989
820	0.989
819	0.989
818	0.989
817	0.989
816	0.989
815	0.989
814	0.990
813	0.990
812	0.990
811	0.990
810	0.990
809	0.990
808	0.990
807	0.990
806	0.990
805	0.990
804	0.990
803	0.990
802	0.989
801	0.989
800	0.989
799	0.989
798	0.989
797	0.989
796	0.989
795	0.989
794	0.989
793	0.989
792	0.989
791	0.989
790	0.989
789	0.990
788	0.990
787	0.990
786	0.990
785	0.990
784	0.990
783	0.990
782	0.990
781	0.990
780	0.990
779	0.990
778	0.990
777	0.990
776	0.990
775	0.990
774	0.990
773	0.990
772	0.990
771	0.990
770	0.990
769	0.990
768	0.990
767	0.990
766	0.990
765	0.990
764	0.990
763	0.989
762	0.989
761	0.989
760	0.989
759	0.989
758	0.989
757	0.988
756	0.988
755	0.989
754	0.989
753	0.989
752	0.990
751	0.990
750	0.990
749	0.990
748	0.989
747	0.989
746	0.989
745	0.989
744	0.989
743	0.990
742	0.990
741	0.990
740	0.990
739	0.990
738	0.990
737	0.990
736	0.989
735	0.989
734	0.989
733	0.989
732	0.989
731	0.989
730	0.989
729	0.989
728	0.988
727	0.988
726	0.988
725	0.988
724	0.988
723	0.988
722	0.988
721	0.987
720	0.987
719	0.986
718	0.986
717	0.986
716	0.987
715	0.987
714	0.988
713	0.989
712	0.989
711	0.989
710	0.990
709	0.990
708	0.990
707	0.990
706	0.990
705	0.990
704	0.990
703	0.990
702	0.990
701	0.989
700	0.989
699	0.989
698	0.989
697	0.989
696	0.990
695	0.990
694	0.990
693	0.989
692	0.990
691	0.990
690	0.990
689	0.990
688	0.990
687	0.990
686	0.990
685	0.990
684	0.990
683	0.990
682	0.990
681	0.990
680	0.990
679	0.990
678	0.990
677	0.990
676	0.990
675	0.990
674	0.990
673	0.990
672	0.990
671	0.990
670	0.990
669	0.990
668	0.990
667	0.990
666	0.990
665	0.990
664	0.990
663	0.990
662	0.990
661	0.990
660	0.990
659	0.990
658	0.990
657	0.990
656	0.990
655	0.990
654	0.990
653	0.990
652	0.990
651	0.990
650	0.990
649	0.990
648	0.990
647	0.990
646	0.990
645	0.990
644	0.990
643	0.990
642	0.990
641	0.990
640	0.990
639	0.990
638	0.990
637	0.990
636	0.990
635	0.990
634	0.990
633	0.990
632	0.990
631	0.990
630	0.990
629	0.990
628	0.990
627	0.990
626	0.990
625	0.990
624	0.990
623	0.990
622	0.990
621	0.990
620	0.990
619	0.990
618	0.990
617	0.990
616	0.990
615	0.990
614	0.990
613	0.990
612	0.990
611	0.990
610	0.990
609	0.990
608	0.990
607	0.990
606	0.990
605	0.990
604	0.990
603	0.990
602	0.990
601	0.990
600	0.990
599	0.990
598	0.990
597	0.990
596	0.990
595	0.990
594	0.990
593	0.990
592	0.990
591	0.990
590	0.990
589	0.990
588	0.990
587	0.990
586	0.990
585	0.990
584	0.990
583	0.990
582	0.990
581	0.990
580	0.990
579	0.990
578	0.990
577	0.990
576	0.990
575	0.990
574	0.990
573	0.990
572	0.990
571	0.990
570	0.990
569	0.990
568	0.990
567	0.990
566	0.990
565	0.990
564	0.990
563	0.990
562	0.990
561	0.990
560	0.990
559	0.990
558	0.990
557	0.990
556	0.990
555	0.990
554	0.990
553	0.990
552	0.990
551	0.990
550	0.990
549	0.990
548	0.990
547	0.990
546	0.990
545	0.990
544	0.989
543	0.989
542	0.989
541	0.990
540	0.990
539	0.990
538	0.990
537	0.990
536	0.990
535	0.990
534	0.990
533	0.990
532	0.990
531	0.990
530	0.990
529	0.990
528	0.990
527	0.990
526	0.990
525	0.990
524	0.990
523	0.990
522	0.990
521	0.990
520	0.990
519	0.990
518	0.990
517	0.990
516	0.988
515	0.989
514	0.990
513	0.990
512	0.990
511	0.990
510	0.990
509	0.990
508	0.990
507	0.990
506	0.990
505	0.990
504	0.990
503	0.990
502	0.990
501	0.990
500	0.990
499	0.990
498	0.990
497	0.990
496	0.990
495	0.990
494	0.990
493	0.990
492	0.990
491	0.990
490	0.990
489	0.990
488	0.990
487	0.990
486	0.990
485	0.990
484	0.990
483	0.990
482	0.990
481	0.990
480	0.990
479	0.990
478	0.990
477	0.990
476	0.990
475	0.990
474	0.990
473	0.990
472	0.990
471	0.990
470	0.990
469	0.990
468	0.990
467	0.990
466	0.990
465	0.990
464	0.990
463	0.990
462	0.990
461	0.990
460	0.990
459	0.990
458	0.990
457	0.990
456	0.990
455	0.990
454	0.990
453	0.990
452	0.990
451	0.990
450	0.990
449	0.990
448	0.990
447	0.990
446	0.990
445	0.990
444	0.990
443	0.990
442	0.990
441	0.990
440	0.990
439	0.990
438	0.990
437	0.990
436	0.989
435	0.990
434	0.990
433	0.990
432	0.990
431	0.990
430	0.990
429	0.990
428	0.990
427	0.990
426	0.990
425	0.990
424	0.990
423	0.990
422	0.990
421	0.990
420	0.990
419	0.990
418	0.990
417	0.990
416	0.990
415	0.990
414	0.990
413	0.990
412	0.990
411	0.990
410	0.990
409	0.990
408	0.990
407	0.990
406	0.990
405	0.990
404	0.990
403	0.990
402	0.990
401	0.990
400	0.990
399	0.990
398	0.990
397	0.990
396	0.990
395	0.990
394	0.990
393	0.990
392	0.990
391	0.990
390	0.990
389	0.990
388	0.990
387	0.990
386	0.990
385	0.990
384	0.990
383	0.990
382	0.990
381	0.990
380	0.990
379	0.990
378	0.990
377	0.990
376	0.989
375	0.989
374	0.989
373	0.989
372	0.989
371	0.989
370	0.988
369	0.988
368	0.988
367	0.988
366	0.987
365	0.987
364	0.986
363	0.986
362	0.985
361	0.985
360	0.985
359	0.985
358	0.985
357	0.985
356	0.985
355	0.986
354	0.986
353	0.986
352	0.986
351	0.986
350	0.986
349	0.986
348	0.986
347	0.986
346	0.985
345	0.985
344	0.981
343	0.978
342	0.976
341	0.974
340	0.972
339	0.972
338	0.972
337	0.972
336	0.973
335	0.973
334	0.974
333	0.975
332	0.975
331	0.977
330	0.978
329	0.979
328	0.980
327	0.981
326	0.982
325	0.983
324	0.983
323	0.984
322	0.983
321	0.983
320	0.985
319	0.985
318	0.985
317	0.984
316	0.985
315	0.985
314	0.985
313	0.985
312	0.985
311	0.985
310	0.985
309	0.984
308	0.983
307	0.983
306	0.982
305	0.982
304	0.981
303	0.981
302	0.981
301	0.981
300	0.980