# author : J. Bailey
# date_created  : 2026-05-28
# type : detector:quantum_efficiency
# description : quantum efficiency for an LmAPD based on H4RG data with a 1.2x excess noise factor.
# wavelength_unit : um
# action : transmission
# changes :
wavelength  transmission
0.9     0.79655
0.901     0.796975
0.902     0.7974
0.903     0.797825
0.904     0.798241667
0.905     0.798666667
0.906     0.799091667
0.907     0.799508333
0.908     0.799933333
0.909     0.800358333
0.91     0.800775
0.911     0.8012
0.912     0.801533333
0.913     0.801691667
0.914     0.80185
0.915     0.802008333
0.916     0.802175
0.917     0.802333333
0.918     0.802491667
0.919     0.80265
0.92     0.802808333
0.921     0.802975
0.922     0.803133333
0.923     0.803291667
0.924     0.80345
0.925     0.803616667
0.926     0.803775
0.927     0.803933333
0.928     0.804091667
0.929     0.80425
0.93     0.804416667
0.931     0.804575
0.932     0.804733333
0.933     0.804891667
0.934     0.80505
0.935     0.805216667
0.936     0.805375
0.937     0.805516667
0.938     0.805516667
0.939     0.805516667
0.94     0.805516667
0.941     0.805516667
0.942     0.805516667
0.943     0.805516667
0.944     0.805516667
0.945     0.805516667
0.946     0.805516667
0.947     0.805516667
0.948     0.805516667
0.949     0.805516667
0.95     0.805516667
0.951     0.805516667
0.952     0.805516667
0.953     0.805516667
0.954     0.805516667
0.955     0.805516667
0.956     0.805516667
0.957     0.805516667
0.958     0.805516667
0.959     0.805516667
0.96     0.805516667
0.961     0.805541667
0.962     0.805566667
0.963     0.805591667
0.964     0.805616667
0.965     0.80565
0.966     0.805675
0.967     0.8057
0.968     0.805733333
0.969     0.805758333
0.97     0.805783333
0.971     0.805808333
0.972     0.805841667
0.973     0.805866667
0.974     0.805891667
0.975     0.805925
0.976     0.80595
0.977     0.805975
0.978     0.806
0.979     0.806033333
0.98     0.806058333
0.981     0.806083333
0.982     0.806116667
0.983     0.806141667
0.984     0.806166667
0.985     0.806191667
0.986     0.806225
0.987     0.80625
0.988     0.806275
0.989     0.8063
0.99     0.806333333
0.991     0.806358333
0.992     0.806383333
0.993     0.806416667
0.994     0.806441667
0.995     0.806466667
0.996     0.806491667
0.997     0.806525
0.998     0.806333333
0.999     0.806116667
1     0.8059
1.0009     0.805708333
1.002     0.805475
1.003     0.805258333
1.004     0.805041667
1.005     0.804833333
1.0059     0.804641667
1.007     0.8044
1.008     0.804191667
1.009     0.803975
1.01     0.803758333
1.0109     0.803566667
1.012     0.803333333
1.013     0.803116667
1.0139     0.802925
1.015     0.802691667
1.016     0.802475
1.017     0.802266667
1.018     0.80205
1.0189     0.801858333
1.02     0.801616667
1.021     0.801408333
1.022     0.801191667
1.023     0.800975
1.024     0.800766667
1.025     0.80055
1.026     0.800333333
1.027     0.800125
1.028     0.799908333
1.029     0.799691667
1.03     0.799483333
1.031     0.799358333
1.032     0.79925
1.033     0.799141667
1.034     0.799025
1.035     0.798916667
1.036     0.798808333
1.037     0.7987
1.038     0.798583333
1.0389     0.798491667
1.04     0.798366667
1.041     0.798258333
1.042     0.798141667
1.043     0.798033333
1.044     0.797925
1.045     0.797816667
1.046     0.797708333
1.047     0.797591667
1.048     0.797483333
1.049     0.797375
1.05     0.797266667
1.051     0.79715
1.052     0.797041667
1.053     0.796933333
1.054     0.796825
1.055     0.796708333
1.056     0.7966
1.057     0.796491667
1.058     0.796383333
1.059     0.796266667
1.06     0.796158333
1.061     0.79605
1.0619     0.79595
1.063     0.795833333
1.064     0.795716667
1.065     0.795608333
1.066     0.7955
1.067     0.795391667
1.068     0.795275
1.069     0.795166667
1.07     0.795058333
1.071     0.79495
1.072     0.794833333
1.073     0.794725
1.074     0.794616667
1.075     0.794508333
1.076     0.794391667
1.077     0.794283333
1.078     0.794175
1.079     0.794066667
1.08     0.793958333
1.081     0.793841667
1.082     0.793733333
1.083     0.793625
1.084     0.793516667
1.085     0.7934
1.086     0.793291667
1.087     0.793183333
1.088     0.793075
1.089     0.792958333
1.0899     0.792866667
1.091     0.792741667
1.092     0.792633333
1.093     0.792516667
1.094     0.792408333
1.095     0.792316667
1.096     0.792225
1.097     0.792133333
1.098     0.792041667
1.099     0.791958333
1.1     0.791866667
1.101     0.791775
1.102     0.791683333
1.103     0.791591667
1.104     0.7915
1.105     0.791416667
1.106     0.791325
1.107     0.791233333
1.108     0.791141667
1.109     0.79105
1.11     0.790958333
1.111     0.790875
1.112     0.790783333
1.1129     0.7907
1.114     0.7906
1.115     0.790508333
1.116     0.790416667
1.117     0.790333333
1.118     0.790241667
1.119     0.79015
1.12     0.790058333
1.121     0.789966667
1.122     0.789875
1.123     0.789791667
1.124     0.7897
1.125     0.789608333
1.126     0.789516667
1.127     0.789425
1.128     0.789333333
1.129     0.78925
1.13     0.789158333
1.131     0.789066667
1.132     0.788975
1.133     0.788883333
1.134     0.788791667
1.135     0.788708333
1.136     0.788616667
1.137     0.788525
1.138     0.788433333
1.139     0.788341667
1.14     0.78825
1.1409     0.788175
1.142     0.788075
1.143     0.787983333
1.144     0.787891667
1.145     0.787808333
1.146     0.787716667
1.147     0.787625
1.148     0.787533333
1.149     0.78745
1.15     0.787358333
1.151     0.787266667
1.152     0.787175
1.153     0.787091667
1.154     0.787
1.155     0.786908333
1.156     0.786816667
1.157     0.786725
1.158     0.786641667
1.159     0.78655
1.16     0.786458333
1.161     0.786366667
1.162     0.786283333
1.163     0.786191667
1.164     0.7861
1.165     0.786008333
1.166     0.785925
1.167     0.785833333
1.168     0.785741667
1.169     0.78565
1.17     0.785566667
1.171     0.785475
1.172     0.785383333
1.173     0.785291667
1.174     0.785208333
1.175     0.785116667
1.176     0.785025
1.177     0.784933333
1.178     0.78485
1.179     0.784758333
1.18     0.784666667
1.181     0.784575
1.182     0.784483333
1.183     0.7844
1.184     0.784308333
1.185     0.784216667
1.186     0.784125
1.187     0.784041667
1.188     0.78395
1.189     0.783858333
1.19     0.783766667
1.191     0.783683333
1.1919     0.7836
1.193     0.7835
1.194     0.783408333
1.195     0.783325
1.196     0.783241667
1.197     0.783158333
1.198     0.783075
1.199     0.782991667
1.2     0.782916667
1.201     0.782833333
1.202     0.78275
1.203     0.782666667
1.204     0.782591667
1.2049     0.782516667
1.206     0.782425
1.207     0.782341667
1.2079     0.782275
1.209     0.782183333
1.21     0.7821
1.2109     0.782025
1.212     0.781941667
1.213     0.781858333
1.214     0.781775
1.2149     0.7817
1.216     0.781616667
1.217     0.781533333
1.2179     0.781458333
1.219     0.781366667
1.22     0.781291667
1.2209     0.781216667
1.222     0.781125
1.223     0.781041667
1.224     0.780966667
1.225     0.780883333
1.226     0.7808
1.227     0.780716667
1.2279     0.78065
1.229     0.780558333
1.23     0.780475
1.2309     0.7804
1.232     0.780316667
1.233     0.780233333
1.2339     0.780158333
1.235     0.780066667
1.236     0.779991667
1.237     0.779908333
1.2379     0.779833333
1.239     0.779741667
1.24     0.779666667
1.2409     0.779591667
1.242     0.7795
1.243     0.779416667
1.2439     0.77935
1.245     0.779258333
1.246     0.779175
1.247     0.779091667
1.248     0.779016667
1.249     0.778933333
1.25     0.77885
1.2509     0.778775
1.252     0.778683333
1.253     0.778608333
1.2539     0.778533333
1.255     0.778441667
1.256     0.778358333
1.2569     0.778291667
1.258     0.778266667
1.259     0.778283333
1.26     0.7783
1.2609     0.778308333
1.262     0.778325
1.263     0.778341667
1.2639     0.77835
1.265     0.778366667
1.266     0.778383333
1.2669     0.7784
1.268     0.778416667
1.269     0.778425
1.27     0.778441667
1.2709     0.778458333
1.272     0.778466667
1.273     0.778483333
1.2739     0.7785
1.275     0.778516667
1.276     0.778525
1.2769     0.778541667
1.278     0.778558333
1.279     0.778575
1.2799     0.778583333
1.281     0.7786
1.282     0.778616667
1.283     0.778633333
1.2839     0.778641667
1.285     0.778658333
1.286     0.778675
1.2869     0.778683333
1.288     0.7787
1.289     0.778716667
1.2899     0.778725
1.291     0.778741667
1.292     0.778758333
1.293     0.778775
1.2939     0.778783333
1.295     0.7788
1.296     0.778816667
1.2969     0.778833333
1.298     0.778841667
1.299     0.778858333
1.2999     0.778875
1.301     0.778891667
1.302     0.7789
1.303     0.778916667
1.304     0.778933333
1.305     0.77895
1.306     0.778958333
1.3069     0.778975
1.308     0.778991667
1.309     0.779008333
1.3099     0.779016667
1.311     0.779033333
1.312     0.77905
1.3129     0.779058333
1.314     0.779075
1.315     0.779091667
1.316     0.779108333
1.3169     0.779116667
1.318     0.779133333
1.319     0.77915
1.3199     0.779158333
1.321     0.779175
1.322     0.779191667
1.3229     0.779208333
1.324     0.779216667
1.325     0.779233333
1.326     0.77925
1.327     0.779266667
1.328     0.779291667
1.329     0.779333333
1.3299     0.779358333
1.331     0.7794
1.332     0.779433333
1.3329     0.779466667
1.334     0.7795
1.335     0.779541667
1.3359     0.779566667
1.337     0.779608333
1.338     0.779641667
1.339     0.779675
1.3399     0.779708333
1.341     0.77975
1.342     0.779783333
1.3429     0.779816667
1.344     0.77985
1.345     0.779883333
1.3459     0.779916667
1.347     0.779958333
1.348     0.779991667
1.349     0.780025
1.35     0.780058333
1.351     0.780091667
1.352     0.780133333
1.3529     0.780158333
1.354     0.7802
1.355     0.780233333
1.3559     0.780266667
1.357     0.7803
1.358     0.780341667
1.3589     0.780366667
1.36     0.780408333
1.361     0.780441667
1.362     0.780475
1.3629     0.780508333
1.364     0.78055
1.365     0.780583333
1.3659     0.780608333
1.367     0.78065
1.368     0.780683333
1.3689     0.780716667
1.37     0.780758333
1.371     0.780791667
1.372     0.780825
1.3729     0.780858333
1.374     0.780891667
1.375     0.780925
1.3759     0.780958333
1.377     0.781
1.378     0.781033333
1.3789     0.781066667
1.38     0.7811
1.381     0.781133333
1.382     0.781175
1.383     0.781208333
1.384     0.781241667
1.385     0.781275
1.3859     0.7813
1.387     0.781316667
1.388     0.781333333
1.3889     0.78135
1.39     0.781366667
1.391     0.781391667
1.3919     0.7814
1.393     0.781425
1.394     0.781441667
1.395     0.781458333
1.3959     0.781475
1.397     0.781491667
1.398     0.781508333
1.3989     0.781525
1.4     0.781541667
1.401     0.781558333
1.4019     0.781575
1.403     0.781591667
1.404     0.781616667
1.405     0.781633333
1.406     0.78165
1.407     0.781666667
1.408     0.781683333
1.4089     0.7817
1.41     0.781716667
1.411     0.781733333
1.4119     0.78175
1.413     0.781766667
1.414     0.781783333
1.4149     0.7818
1.416     0.781816667
1.417     0.781841667
1.418     0.781858333
1.4189     0.781875
1.42     0.781891667
1.421     0.781908333
1.4219     0.781925
1.423     0.781941667
1.424     0.781958333
1.4249     0.781975
1.426     0.781991667
1.427     0.782008333
1.428     0.782025
1.429     0.782041667
1.43     0.782066667
1.431     0.782083333
1.4319     0.7821
1.433     0.782116667
1.434     0.782133333
1.4349     0.78215
1.436     0.782166667
1.437     0.782183333
1.4379     0.7822
1.439     0.782216667
1.44     0.782233333
1.441     0.78225
1.4419     0.782266667
1.443     0.782291667
1.444     0.782316667
1.4449     0.782366667
1.446     0.782433333
1.447     0.782491667
1.4479     0.782541667
1.449     0.782608333
1.45     0.782666667
1.451     0.782725
1.452     0.782783333
1.453     0.782833333
1.454     0.782891667
1.4549     0.78295
1.456     0.783008333
1.457     0.783066667
1.4579     0.783116667
1.459     0.783183333
1.46     0.783241667
1.4609     0.783291667
1.462     0.783358333
1.463     0.783416667
1.464     0.783475
1.4649     0.783525
1.466     0.783583333
1.467     0.783641667
1.4679     0.7837
1.469     0.783758333
1.47     0.783816667
1.4709     0.783866667
1.472     0.783933333
1.473     0.783991667
1.474     0.78405
1.4749     0.7841
1.476     0.784166667
1.477     0.784225
1.4779     0.784275
1.479     0.784333333
1.48     0.784391667
1.4809     0.78445
1.482     0.784508333
1.483     0.784566667
1.484     0.784625
1.485     0.784683333
1.486     0.784741667
1.487     0.7848
1.4879     0.78485
1.489     0.784916667
1.49     0.784975
1.4909     0.785025
1.492     0.785083333
1.493     0.785141667
1.4939     0.7852
1.495     0.785258333
1.496     0.785316667
1.497     0.785425
1.4979     0.785525
1.499     0.78565
1.5     0.785766667
1.5009     0.785866667
1.502     0.785991667
1.503     0.786108333
1.5039     0.786208333
1.505     0.786333333
1.506     0.78645
1.507     0.786566667
1.508     0.786675
1.509     0.786791667
1.51     0.7869
1.5109     0.787008333
1.512     0.787133333
1.513     0.787241667
1.5139     0.78735
1.515     0.787475
1.516     0.787583333
1.5169     0.787691667
1.518     0.787816667
1.519     0.787925
1.52     0.788041667
1.5209     0.788141667
1.522     0.788266667
1.523     0.788383333
1.5239     0.788483333
1.525     0.788608333
1.526     0.788725
1.5269     0.788825
1.528     0.78895
1.529     0.789066667
1.53     0.789175
1.531     0.789291667
1.532     0.789408333
1.533     0.789516667
1.5339     0.789625
1.535     0.78975
1.536     0.789858333
1.5369     0.789966667
1.538     0.790091667
1.539     0.7902
1.5399     0.790308333
1.541     0.790433333
1.542     0.790541667
1.543     0.790658333
1.5439     0.790758333
1.545     0.790883333
1.546     0.791
1.5469     0.7911
1.548     0.791225
1.549     0.791341667
1.5499     0.791441667
1.551     0.791566667
1.552     0.791683333
1.553     0.791791667
1.554     0.791908333
1.555     0.792025
1.556     0.792133333
1.5569     0.792241667
1.558     0.792366667
1.559     0.79245
1.5599     0.792525
1.561     0.792616667
1.562     0.7927
1.5629     0.792766667
1.564     0.792858333
1.565     0.792941667
1.566     0.793025
1.5669     0.793091667
1.568     0.793183333
1.569     0.793266667
1.5699     0.793341667
1.571     0.793425
1.572     0.793508333
1.5729     0.793583333
1.574     0.793675
1.575     0.79375
1.576     0.793833333
1.5769     0.793908333
1.578     0.794
1.579     0.794075
1.5799     0.79415
1.581     0.794241667
1.582     0.794325
1.5829     0.794391667
1.584     0.794483333
1.585     0.794566667
1.586     0.79465
1.587     0.794725
1.588     0.794808333
1.589     0.794891667
1.5899     0.794966667
1.591     0.79505
1.592     0.795133333
1.5929     0.795208333
1.594     0.7953
1.595     0.795375
1.5959     0.79545
1.597     0.795541667
1.598     0.795625
1.599     0.7957
1.5999     0.795775
1.601     0.795866667
1.602     0.79595
1.6029     0.796016667
1.604     0.796108333
1.605     0.796191667
1.6059     0.796266667
1.607     0.79635
1.608     0.796433333
1.609     0.796516667
1.61     0.7966
1.611     0.796675
1.612     0.796758333
1.6129     0.796833333
1.614     0.796925
1.615     0.797
1.6159     0.797075
1.617     0.797166667
1.618     0.79725
1.6189     0.797316667
1.62     0.797408333
1.621     0.797483333
1.622     0.79755
1.6229     0.797616667
1.624     0.797691667
1.625     0.797758333
1.6259     0.797825
1.627     0.7979
1.628     0.797966667
1.6289     0.798033333
1.63     0.798108333
1.631     0.798175
1.632     0.798241667
1.633     0.798316667
1.634     0.798383333
1.635     0.79845
1.6359     0.798516667
1.637     0.798591667
1.638     0.798658333
1.6389     0.798725
1.64     0.7988
1.641     0.798866667
1.6419     0.798933333
1.643     0.799008333
1.644     0.799075
1.645     0.799141667
1.6459     0.799208333
1.647     0.799283333
1.648     0.79935
1.6489     0.799416667
1.65     0.799491667
1.651     0.799558333
1.6519     0.799625
1.653     0.7997
1.654     0.799766667
1.655     0.799841667
1.6559     0.7999
1.657     0.799975
1.658     0.800041667
1.6589     0.800108333
1.66     0.800183333
1.661     0.80025
1.6619     0.800316667
1.663     0.800391667
1.664     0.800458333
1.665     0.800533333
1.666     0.8006
1.667     0.800666667
1.668     0.800741667
1.6689     0.8008
1.67     0.800875
1.671     0.80095
1.6719     0.801008333
1.673     0.801083333
1.674     0.80115
1.6749     0.801216667
1.676     0.801291667
1.677     0.801358333
1.678     0.801433333
1.6789     0.801491667
1.68     0.801583333
1.681     0.801658333
1.6819     0.801725
1.683     0.801808333
1.684     0.801891667
1.6849     0.801958333
1.686     0.802041667
1.687     0.802116667
1.688     0.8022
1.689     0.802275
1.69     0.80235
1.691     0.802425
1.6919     0.8025
1.693     0.802583333
1.694     0.802658333
1.6949     0.802725
1.696     0.802816667
1.697     0.802891667
1.6979     0.802958333
1.699     0.803041667
1.7     0.803125
1.701     0.8032
1.7019     0.803266667
1.703     0.80335
1.704     0.803433333
1.7049     0.8035
1.706     0.803583333
1.707     0.803658333
1.7079     0.803733333
1.709     0.803816667
1.71     0.803891667
1.711     0.803966667
1.712     0.80405
1.713     0.804125
1.714     0.8042
1.7149     0.804266667
1.716     0.804358333
1.717     0.804433333
1.7179     0.8045
1.719     0.804583333
1.72     0.804666667
1.7209     0.804733333
1.722     0.804816667
1.723     0.804891667
1.724     0.804975
1.7249     0.805041667
1.726     0.805125
1.727     0.8052
1.7279     0.805275
1.729     0.805358333
1.73     0.805433333
1.7309     0.8055
1.732     0.805566667
1.733     0.805625
1.734     0.805683333
1.735     0.805741667
1.736     0.8058
1.737     0.805858333
1.7379     0.805908333
1.739     0.805975
1.74     0.806033333
1.7409     0.806083333
1.742     0.80615
1.743     0.806208333
1.7439     0.806258333
1.745     0.806316667
1.746     0.806375
1.747     0.806433333
1.7479     0.806491667
1.749     0.80655
1.75     0.806608333
1.7509     0.806658333
1.752     0.806725
1.753     0.806783333
1.7539     0.806833333
1.755     0.8069
1.756     0.806958333
1.757     0.807016667
1.7579     0.807066667
1.759     0.807125
1.76     0.807183333
1.7609     0.807241667
1.762     0.8073
1.763     0.807358333
1.7639     0.807408333
1.765     0.807475
1.766     0.807533333
1.767     0.807591667
1.768     0.807658333
1.769     0.807716667
1.77     0.807775
1.7709     0.807833333
1.772     0.8079
1.773     0.807958333
1.7739     0.808016667
1.775     0.808083333
1.776     0.808141667
1.7769     0.8082
1.778     0.808266667
1.779     0.808325
1.78     0.808383333
1.7809     0.808441667
1.782     0.808508333
1.783     0.808566667
1.7839     0.808625
1.785     0.808691667
1.786     0.80875
1.7869     0.808808333
1.788     0.808875
1.789     0.808933333
1.79     0.809
1.791     0.809058333
1.792     0.809116667
1.793     0.809183333
1.7939     0.809233333
1.795     0.8093
1.796     0.809366667
1.7969     0.809416667
1.798     0.809483333
1.799     0.80955
1.7999     0.809591667
1.801     0.80965
1.802     0.8097
1.803     0.80975
1.8039     0.809791667
1.805     0.80985
1.806     0.8099
1.8069     0.809941667
1.808     0.81
1.809     0.81005
1.8099     0.8101
1.811     0.81015
1.812     0.8102
1.813     0.81025
1.814     0.8103
1.815     0.81035
1.816     0.8104
1.8169     0.81045
1.818     0.8105
1.819     0.81055
1.8199     0.8106
1.821     0.81065
1.822     0.810708333
1.8229     0.81075
1.824     0.810808333
1.825     0.810858333
1.826     0.810908333
1.8269     0.81095
1.828     0.811008333
1.829     0.811058333
1.8299     0.8111
1.831     0.811158333
1.832     0.811208333
1.8329     0.81125
1.834     0.811308333
1.835     0.811358333
1.836     0.811408333
1.837     0.811458333
1.838     0.811508333
1.839     0.811558333
1.84     0.811608333
1.841     0.811658333
1.842     0.811708333
1.843     0.811758333
1.844     0.811808333
1.845     0.811858333
1.846     0.811908333
1.847     0.811958333
1.848     0.812008333
1.849     0.812058333
1.8499     0.812108333
1.851     0.812158333
1.852     0.812208333
1.853     0.812258333
1.854     0.812316667
1.855     0.812366667
1.856     0.812416667
1.857     0.812466667
1.858     0.812516667
1.859     0.812566667
1.8599     0.812608333
1.861     0.812666667
1.862     0.812716667
1.863     0.812766667
1.864     0.812816667
1.865     0.812866667
1.866     0.812916667
1.867     0.812966667
1.868     0.813016667
1.869     0.813066667
1.87     0.813116667
1.871     0.813166667
1.872     0.813216667
1.8729     0.813266667
1.874     0.813316667
1.875     0.813366667
1.876     0.813416667
1.877     0.813475
1.878     0.813525
1.879     0.813575
1.88     0.813625
1.881     0.813675
1.882     0.813725
1.8829     0.813766667
1.884     0.813825
1.885     0.813875
1.886     0.813925
1.887     0.813975
1.888     0.814025
1.889     0.814075
1.89     0.814125
1.891     0.814175
1.892     0.814225
1.893     0.814275
1.894     0.814325
1.895     0.814375
1.896     0.814425
1.897     0.814475
1.898     0.814525
1.899     0.814583333
1.9     0.814633333
1.901     0.814683333
1.902     0.814733333
1.903     0.814783333
1.904     0.814833333
1.905     0.814883333
1.9059     0.814925
1.907     0.814983333
1.908     0.815033333
1.909     0.815083333
1.91     0.815133333
1.911     0.815183333
1.912     0.815233333
1.913     0.815283333
1.914     0.815333333
1.915     0.815383333
1.916     0.815433333
1.917     0.815483333
1.918     0.815533333
1.919     0.815583333
1.92     0.815608333
1.921     0.815608333
1.922     0.815608333
1.923     0.815608333
1.924     0.815608333
1.925     0.815608333
1.926     0.815608333
1.927     0.815608333
1.928     0.815608333
1.9289     0.815608333
1.93     0.815608333
1.931     0.815608333
1.932     0.815608333
1.933     0.815608333
1.934     0.815608333
1.935     0.815608333
1.936     0.815608333
1.937     0.815608333
1.938     0.815608333
1.939     0.815608333
1.94     0.815608333
1.941     0.815608333
1.942     0.815608333
1.943     0.815608333
1.944     0.815608333
1.945     0.815608333
1.946     0.815608333
1.947     0.815608333
1.948     0.815608333
1.949     0.815608333
1.95     0.815608333
1.951     0.815608333
1.9519     0.815608333
1.953     0.815608333
1.954     0.815608333
1.955     0.815608333
1.956     0.815608333
1.957     0.815608333
1.958     0.815608333
1.959     0.815608333
1.96     0.815608333
1.961     0.815608333
1.9619     0.815608333
1.963     0.815608333
1.964     0.815608333
1.965     0.815608333
1.966     0.815608333
1.967     0.815608333
1.968     0.815608333
1.969     0.815608333
1.97     0.815608333
1.971     0.815608333
1.972     0.815608333
1.973     0.815608333
1.974     0.815608333
1.9749     0.815608333
1.976     0.815608333
1.977     0.815608333
1.978     0.815608333
1.979     0.815608333
1.98     0.815608333
1.981     0.815608333
1.982     0.815608333
1.983     0.815608333
1.984     0.815608333
1.9849     0.815608333
1.986     0.815608333
1.987     0.815608333
1.988     0.815608333
1.989     0.815608333
1.99     0.815608333
1.991     0.815608333
1.992     0.815608333
1.993     0.815608333
1.994     0.815608333
1.995     0.815608333
1.996     0.815608333
1.997     0.815608333
1.998     0.815608333
1.999     0.815608333
2     0.815608333
2.0004     0.815608333
2.0007     0.815608333
2.001     0.815608333
2.0012     0.815608333
2.0016     0.815608333
2.0019     0.815608333
2.0024     0.815608333
2.0028     0.815608333
2.003     0.815608333
2.0032     0.815608333
2.0035     0.815608333
2.004     0.815608333
2.0044     0.815608333
2.0047     0.815608333
2.0049     0.815608333
2.0052     0.815608333
2.0056     0.815608333
2.006     0.815608333
2.0063     0.815608333
2.0068     0.815608333
2.007     0.815608333
2.0072     0.815608333
2.0075     0.815608333
2.0079     0.815608333
2.0084     0.815608333
2.0088     0.815608333
2.009     0.815608333
2.0091     0.815608333
2.0096     0.815608333
2.01     0.815608333
2.0105     0.815608333
2.0109     0.815608333
2.011     0.815608333
2.0112     0.815608333
2.0117     0.815608333
2.0119     0.815608333
2.0121     0.815608333
2.0125     0.815608333
2.0128     0.815608333
2.013     0.815608333
2.0133     0.815608333
2.0137     0.815608333
2.014     0.815608333
2.0144     0.815608333
2.0149     0.815608333
2.0153     0.815608333
2.0156     0.815608333
2.016     0.815608333
2.0161     0.815608333
2.0165     0.815608333
2.0169     0.815608333
2.017     0.815608333
2.0172     0.815608333
2.0177     0.815608333
2.0179     0.815608333
2.0182     0.815608333
2.0186     0.815608333
2.019     0.815608333
2.0193     0.815608333
2.0198     0.815608333
2.02     0.815608333
2.0202     0.815608333
2.0205     0.815608333
2.021     0.815608333
2.0214     0.815608333
2.0218     0.815608333
2.0219     0.815608333
2.0221     0.815608333
2.0226     0.815608333
2.023     0.815608333
2.0235     0.815608333
2.0239     0.815608333
2.024     0.815608333
2.0242     0.815608333
2.0247     0.815608333
2.0249     0.815608333
2.0251     0.815608333
2.0255     0.815608333
2.0258     0.815608333
2.026     0.815608333
2.0263     0.815608333
2.0268     0.815608333
2.027     0.815608333
2.0272     0.815608333
2.0276     0.815608333
2.0279     0.815608333
2.0284     0.815608333
2.0288     0.815608333
2.029     0.815608333
2.0291     0.815608333
2.0296     0.815608333
2.03     0.815608333
2.0305     0.815608333
2.0309     0.815608333
2.0312     0.815608333
2.0316     0.815608333
2.032     0.815608333
2.0321     0.815608333
2.0325     0.815608333
2.0328     0.815608333
2.033     0.815608333
2.0333     0.815608333
2.0337     0.815608333
2.034     0.815608333
2.0342     0.815608333
2.0346     0.815608333
2.0349     0.815608333
2.0354     0.815608333
2.0358     0.815608333
2.036     0.815608333
2.0362     0.815608333
2.0367     0.815608333
2.037     0.815608333
2.0375     0.815608333
2.0379     0.815608333
2.0383     0.815608333
2.0386     0.815608333
2.039     0.815608333
2.0392     0.815608333
2.0395     0.815608333
2.04     0.815608333
2.0404     0.815608333
2.0407     0.815608333
2.0409     0.815608333
2.0412     0.815608333
2.0416     0.815608333
2.042     0.815608333
2.0421     0.815608333
2.0425     0.815608333
2.0428     0.815608333
2.043     0.815608333
2.0433     0.815608333
2.0437     0.815608333
2.044     0.815608333
2.0442     0.815608333
2.0446     0.815608333
2.0449     0.815608333
2.0454     0.815608333
2.0458     0.815608333
2.046     0.815608333
2.0462     0.815608333
2.0467     0.815608333
2.047     0.815608333
2.0471     0.815608333
2.0474     0.815608333
2.0479     0.815608333
2.0483     0.815608333
2.0488     0.815608333
2.049     0.815608333
2.0492     0.815608333
2.0495     0.815608333
2.05     0.815608333
2.0504     0.815608333
2.0509     0.815608333
2.0513     0.815608333
2.0516     0.815608333
2.052     0.815608333
2.0521     0.815608333
2.0525     0.815608333
2.053     0.815608333
2.0534     0.815608333
2.0537     0.815608333
2.0539     0.815608333
2.0542     0.815608333
2.0546     0.815608333
2.055     0.815608333
2.0551     0.815608333
2.0555     0.8156
2.0558     0.815583333
2.056     0.815575
2.0563     0.815558333
2.0567     0.815533333
2.057     0.815516667
2.0572     0.815508333
2.0576     0.815483333
2.0579     0.815466667
2.0585     0.815441667
2.0588     0.815425
2.059     0.815408333
2.0593     0.815391667
2.0597     0.815375
2.06     0.815358333
2.0602     0.81535
2.0606     0.815325
2.0609     0.815308333
2.0614     0.815283333
2.0618     0.815258333
2.062     0.81525
2.0623     0.815233333
2.0627     0.815208333
2.063     0.815191667
2.0636     0.815166667
2.0639     0.81515
2.0644     0.815116667
2.0648     0.8151
2.065     0.815091667
2.0653     0.815075
2.0657     0.81505
2.066     0.815033333
2.0665     0.815008333
2.067     0.814983333
2.0674     0.814958333
2.0678     0.814933333
2.0679     0.814933333
2.0683     0.814908333
2.0686     0.814891667
2.069     0.814875
2.0691     0.814866667
2.0695     0.814841667
2.07     0.814816667
2.0704     0.8148
2.0708     0.814775
2.0709     0.814766667
2.0713     0.81475
2.0716     0.814733333
2.072     0.814708333
2.0721     0.814708333
2.0725     0.814683333
2.073     0.814658333
2.0734     0.814633333
2.0737     0.814616667
2.0739     0.814608333
2.0743     0.814583333
2.0746     0.814575
2.075     0.81455
2.0751     0.814541667
2.0756     0.814516667
2.076     0.814491667
2.0764     0.814475
2.0767     0.814458333
2.077     0.814441667
2.0772     0.814433333
2.0776     0.814408333
2.0779     0.814391667
2.0781     0.814383333
2.0786     0.814358333
2.079     0.814333333
2.0794     0.814308333
2.0799     0.814283333
2.08     0.814283333
2.0802     0.814266667
2.0807     0.814241667
2.0809     0.814233333
2.0811     0.814216667
2.0816     0.814191667
2.082     0.814175
2.0825     0.814141667
2.0829     0.814125
2.083     0.814116667
2.0832     0.814108333
2.0837     0.814083333
2.0839     0.814066667
2.0842     0.81405
2.0846     0.814033333
2.085     0.814008333
2.0851     0.814008333
2.0855     0.813983333
2.0858     0.813966667
2.086     0.813958333
2.0864     0.813933333
2.0867     0.813916667
2.0869     0.813908333
2.0872     0.813891667
2.0876     0.813866667
2.088     0.81385
2.0881     0.813841667
2.0886     0.813816667
2.089     0.813791667
2.0894     0.813775
2.0899     0.81375
2.09     0.813741667
2.0902     0.813733333
2.0907     0.8137
2.0909     0.813691667
2.0911     0.813683333
2.0916     0.813658333
2.092     0.813633333
2.0921     0.813625
2.0925     0.813608333
2.0929     0.813583333
2.093     0.813583333
2.0934     0.813558333
2.0937     0.813541667
2.0939     0.813533333
2.0941     0.813516667
2.0946     0.813491667
2.095     0.813475
2.0951     0.813466667
2.0955     0.813441667
2.096     0.813416667
2.0964     0.8134
2.0969     0.813366667
2.0973     0.81335
2.0978     0.813325
2.098     0.813308333
2.0981     0.813308333
2.0986     0.813275
2.099     0.813258333
2.0995     0.813233333
2.1     0.8132
2.1004     0.813183333
2.1008     0.813158333
2.1009     0.81315
2.1013     0.813133333
2.1016     0.813116667
2.102     0.813091667
2.1022     0.813083333
2.1025     0.813066667
2.103     0.813041667
2.1034     0.813016667
2.1039     0.812991667
2.1044     0.812966667
2.1048     0.812941667
2.105     0.812933333
2.1053     0.812916667
2.1057     0.812891667
2.106     0.812883333
2.1066     0.81285
2.1069     0.812833333
2.1074     0.8128
2.1079     0.812775
2.108     0.812775
2.1083     0.812758333
2.1088     0.812725
2.109     0.812716667
2.1092     0.812708333
2.1097     0.812683333
2.1099     0.812666667
2.1101     0.812658333
2.1106     0.812633333
2.111     0.812608333
2.1115     0.812583333
2.1118     0.812575
2.112     0.812566667
2.1124     0.812558333
2.1127     0.81255
2.113     0.812541667
2.1132     0.812541667
2.1137     0.812533333
2.1139     0.812525
2.1141     0.812525
2.1146     0.812508333
2.115     0.8125
2.1151     0.8125
2.1155     0.812491667
2.116     0.812483333
2.1164     0.812475
2.1169     0.812458333
2.1173     0.81245
2.1176     0.81245
2.118     0.812441667
2.1182     0.812433333
2.1185     0.812425
2.119     0.812416667
2.1195     0.812408333
2.1199     0.8124
2.1204     0.812383333
2.1209     0.812375
2.121     0.812375
2.1213     0.812366667
2.1218     0.812358333
2.122     0.81235
2.1222     0.81235
2.1227     0.812333333
2.123     0.812333333
2.1231     0.812325
2.1236     0.812316667
2.1239     0.812308333
2.1245     0.8123
2.1248     0.812291667
2.125     0.812283333
2.1253     0.812283333
2.1259     0.812266667
2.126     0.812266667
2.1262     0.812258333
2.1268     0.81225
2.1269     0.812241667
2.1271     0.812241667
2.1276     0.812233333
2.128     0.812225
2.1281     0.812216667
2.1285     0.812208333
2.129     0.8122
2.1295     0.812191667
2.1299     0.812183333
2.1304     0.812166667
2.1308     0.812158333
2.131     0.812158333
2.1313     0.81215
2.1317     0.812141667
2.132     0.812133333
2.1322     0.812133333
2.1327     0.812116667
2.1329     0.812116667
2.1331     0.812108333
2.1336     0.8121
2.134     0.812091667
2.1345     0.812083333
2.1348     0.812075
2.135     0.812066667
2.1354     0.812058333
2.1357     0.812058333
2.136     0.81205
2.1362     0.812041667
2.1368     0.812033333
2.1369     0.812025
2.1371     0.812025
2.1376     0.812016667
2.138     0.812008333
2.1381     0.812
2.1385     0.811991667
2.139     0.811983333
2.1395     0.811975
2.1399     0.811966667
2.1404     0.81195
2.1408     0.811941667
2.141     0.811941667
2.1413     0.811933333
2.1418     0.811925
2.142     0.811916667
2.1422     0.811916667
2.1427     0.8119
2.1429     0.8119
2.1432     0.811891667
2.1436     0.811883333
2.144     0.811875
2.1441     0.811875
2.1445     0.811866667
2.145     0.81185
2.1455     0.811841667
2.1459     0.811833333
2.146     0.811833333
2.1464     0.811825
2.1468     0.811816667
2.1469     0.811808333
2.1473     0.8118
2.1478     0.811791667
2.148     0.811791667
2.1482     0.811783333
2.1487     0.811775
2.149     0.811766667
2.1492     0.811766667
2.1496     0.81175
2.1499     0.81175
2.1501     0.811741667
2.1505     0.811733333
2.151     0.811725
2.1515     0.811716667
2.1519     0.8117
2.152     0.8117
2.1524     0.811691667
2.1529     0.811683333
2.1533     0.811675
2.1538     0.811666667
2.154     0.811658333
2.1541     0.811658333
2.1547     0.811641667
2.155     0.811633333
2.1552     0.811633333
2.1555     0.811625
2.1559     0.811616667
2.1561     0.811616667
2.1566     0.8116
2.1569     0.8116
2.1575     0.811583333
2.158     0.811575
2.1584     0.811558333
2.1589     0.811516667
2.159     0.811508333
2.1594     0.811475
2.1598     0.81145
2.1599     0.811441667
2.1603     0.811408333
2.1608     0.811366667
2.161     0.81135
2.1612     0.811333333
2.1617     0.8113
2.162     0.811275
2.1622     0.811258333
2.1626     0.811225
2.1629     0.811208333
2.1631     0.811191667
2.1636     0.81115
2.164     0.811116667
2.1645     0.811083333
2.165     0.811041667
2.1654     0.811008333
2.1659     0.810975
2.1664     0.810933333
2.1668     0.8109
2.167     0.810883333
2.1673     0.810858333
2.1678     0.810825
2.168     0.810808333
2.1683     0.810783333
2.1687     0.81075
2.169     0.810733333
2.1692     0.810716667
2.1697     0.810675
2.1699     0.810658333
2.1701     0.810641667
2.1706     0.810608333
2.171     0.810575
2.1711     0.810566667
2.1715     0.810533333
2.172     0.810491667
2.1724     0.810466667
2.1729     0.810425
2.1734     0.810383333
2.1738     0.810358333
2.174     0.810341667
2.1743     0.810316667
2.1749     0.810266667
2.175     0.810258333
2.1752     0.81025
2.1757     0.810208333
2.1759     0.810191667
2.1763     0.810158333
2.1768     0.810125
2.177     0.810108333
2.1771     0.8101
2.1777     0.81005
2.178     0.810025
2.1782     0.810016667
2.1785     0.809991667
2.179     0.80995
2.1791     0.809941667
2.1796     0.8099
2.1799     0.809883333
2.1801     0.809866667
2.1805     0.809833333
2.181     0.809791667
2.1815     0.809758333
2.182     0.809716667
2.1824     0.809683333
2.1829     0.80965
2.1834     0.809608333
2.1838     0.809575
2.184     0.809558333
2.1843     0.809541667
2.1848     0.8095
2.185     0.809483333
2.1852     0.809466667
2.1857     0.809425
2.1859     0.809416667
2.1863     0.809383333
2.1866     0.809358333
2.187     0.809325
2.1871     0.809316667
2.1877     0.809275
2.188     0.80925
2.1882     0.809233333
2.1887     0.809191667
2.1889     0.809183333
2.1891     0.809166667
2.1896     0.809125
2.19     0.809091667
2.1901     0.809083333
2.1906     0.80905
2.191     0.809016667
2.1915     0.808975
2.192     0.808941667
2.1924     0.808908333
2.1929     0.808866667
2.1935     0.808825
2.1938     0.8088
2.194     0.808783333
2.1943     0.808758333
2.1949     0.808708333
2.195     0.808708333
2.1954     0.808675
2.1959     0.808633333
2.1964     0.808591667
2.1968     0.808566667
2.197     0.80855
2.1973     0.808533333
2.1978     0.808508333
2.198     0.8085
2.1982     0.808491667
2.1987     0.808475
2.1989     0.808466667
2.1993     0.80845
2.1996     0.808433333
2.2     0.808416667
2.2001     0.808416667
2.2007     0.808391667
2.201     0.808375
2.2012     0.808366667
2.2017     0.80835
2.202     0.808333333
2.2022     0.808325
2.2026     0.808308333
2.2029     0.8083
2.2031     0.808291667
2.2036     0.808266667
2.204     0.80825
2.2045     0.808233333
2.205     0.808208333
2.2051     0.808208333
2.2056     0.808183333
2.2059     0.808166667
2.2065     0.808141667
2.207     0.808125
2.2075     0.8081
2.208     0.808083333
2.2085     0.808058333
2.2089     0.808041667
2.2094     0.808025
2.2099     0.808
2.21     0.808
2.2103     0.807983333
2.2108     0.807966667
2.211     0.807958333
2.2114     0.807941667
2.2119     0.807916667
2.2124     0.8079
2.2129     0.807875
2.213     0.807875
2.2133     0.807858333
2.2138     0.807841667
2.214     0.807833333
2.2143     0.807816667
2.2147     0.8078
2.215     0.807791667
2.2152     0.807775
2.2158     0.80775
2.2159     0.80775
2.2163     0.807733333
2.2168     0.807708333
2.217     0.8077
2.2173     0.807691667
2.2178     0.807666667
2.218     0.807658333
2.2182     0.80765
2.2187     0.807633333
2.2189     0.807625
2.2193     0.807608333
2.2198     0.807583333
2.22     0.807575
2.2202     0.807566667
2.2207     0.80755
2.221     0.807533333
2.2212     0.807525
2.2217     0.807508333
2.2219     0.8075
2.2222     0.807483333
2.2226     0.807466667
2.223     0.80745
2.2231     0.80745
2.2237     0.807425
2.224     0.807408333
2.2242     0.8074
2.2247     0.807375
2.225     0.807366667
2.2252     0.807358333
2.2257     0.807333333
2.2259     0.807325
2.2261     0.807316667
2.2266     0.8073
2.227     0.807283333
2.2272     0.807275
2.2277     0.80725
2.228     0.807241667
2.2282     0.807233333
2.2287     0.807208333
2.2289     0.8072
2.2291     0.807191667
2.2296     0.807175
2.23     0.807158333
2.2302     0.80715
2.2305     0.807133333
2.231     0.807116667
2.2316     0.807091667
2.2319     0.807075
2.2321     0.807066667
2.2326     0.80705
2.233     0.807033333
2.2331     0.807025
2.2336     0.807008333
2.234     0.806983333
2.2345     0.806966667
2.2349     0.80695
2.2351     0.806941667
2.2356     0.806916667
2.236     0.8069
2.2361     0.8069
2.2366     0.806875
2.237     0.806858333
2.2375     0.806841667
2.238     0.806816667
2.2381     0.806816667
2.2386     0.806791667
2.2389     0.806783333
2.2391     0.806775
2.2396     0.80675
2.24     0.806733333
2.2401     0.806733333
2.2405     0.806716667
2.241     0.806691667
2.2416     0.806666667
2.2419     0.806658333
2.2421     0.80665
2.2426     0.806625
2.243     0.806608333
2.2431     0.806608333
2.2437     0.806575
2.244     0.806566667
2.2442     0.806558333
2.2447     0.806533333
2.2449     0.806525
2.2452     0.806516667
2.2456     0.8065
2.246     0.806483333
2.2461     0.806475
2.2467     0.80645
2.247     0.806441667
2.2472     0.806433333
2.2477     0.806408333
2.248     0.8064
2.2482     0.806391667
2.2487     0.806366667
2.2489     0.806358333
2.2491     0.80635
2.2496     0.806333333
2.25     0.806316667
2.2502     0.806308333
2.2507     0.806283333
2.251     0.806275
2.2512     0.806266667
2.2517     0.806241667
2.2519     0.806233333
2.2523     0.806216667
2.2528     0.8062
2.253     0.806183333
2.2533     0.806175
2.2538     0.80615
2.254     0.806141667
2.2542     0.806133333
2.2547     0.806116667
2.2549     0.806108333
2.2553     0.806091667
2.2558     0.806066667
2.256     0.806058333
2.2563     0.80605
2.2568     0.806025
2.257     0.806016667
2.2573     0.806008333
2.2577     0.805991667
2.2579     0.805983333
2.2584     0.805958333
2.2589     0.805941667
2.2593     0.805925
2.2598     0.8059
2.26     0.805891667
2.2604     0.805875
2.2609     0.805858333
2.261     0.80585
2.2614     0.805833333
2.2619     0.805816667
2.2624     0.805791667
2.263     0.805766667
2.2635     0.805741667
2.264     0.805725
2.2645     0.8057
2.2649     0.805683333
2.2654     0.805666667
2.266     0.805641667
2.2665     0.805616667
2.267     0.8056
2.2676     0.805575
2.2679     0.805558333
2.2681     0.80555
2.2686     0.805533333
2.269     0.805508333
2.2691     0.805508333
2.2696     0.805475
2.27     0.805441667
2.2707     0.8054
2.271     0.805375
2.2712     0.805366667
2.2717     0.805333333
2.2719     0.805316667
2.2721     0.805308333
2.2726     0.805275
2.273     0.805241667
2.2732     0.805233333
2.2737     0.8052
2.274     0.805175
2.2742     0.805166667
2.2747     0.805133333
2.2749     0.805116667
2.2753     0.805091667
2.2758     0.805058333
2.276     0.805041667
2.2763     0.805025
2.2769     0.804983333
2.277     0.804975
2.2774     0.80495
2.2779     0.804916667
2.2784     0.804883333
2.2789     0.80485
2.279     0.804841667
2.2795     0.804808333
2.28     0.804775
2.2805     0.804741667
2.281     0.804708333
2.2814     0.804683333
2.2819     0.80465
2.2821     0.804641667
2.2826     0.804608333
2.283     0.804575
2.2835     0.804541667
2.284     0.804508333
2.2841     0.804508333
2.2847     0.804466667
2.2849     0.80445
2.2851     0.804441667
2.2856     0.804408333
2.286     0.804375
2.2862     0.804366667
2.2868     0.804325
2.287     0.804308333
2.2872     0.8043
2.2877     0.804266667
2.2879     0.80425
2.2883     0.804225
2.2889     0.804183333
2.289     0.804175
2.2893     0.804158333
2.2898     0.804125
2.29     0.804108333
2.2904     0.804083333
2.2909     0.80405
2.2914     0.804016667
2.292     0.803975
2.2925     0.803941667
2.293     0.803908333
2.2935     0.803875
2.294     0.803841667
2.2941     0.803841667
2.2946     0.803808333
2.2949     0.803783333
2.2951     0.803775
2.2956     0.803741667
2.296     0.803708333
2.2962     0.8037
2.2967     0.803666667
2.297     0.803641667
2.2972     0.803633333
2.2977     0.8036
2.2979     0.803583333
2.2983     0.803558333
2.2988     0.803525
2.299     0.803508333
2.2993     0.803491667
2.2999     0.80345
2.3     0.803441667
2.3004     0.803416667
2.3009     0.803383333
2.3014     0.80335
2.302     0.803308333
2.3026     0.803275
2.303     0.803241667
2.3035     0.803208333
2.304     0.803175
2.3041     0.803175
2.3047     0.803133333
2.3049     0.803116667
2.3051     0.803108333
2.3056     0.803075
2.306     0.803041667
2.3063     0.803025
2.3067     0.803
2.307     0.802975
2.3072     0.802966667
2.3079     0.802916667
2.3084     0.802883333
2.3088     0.802858333
2.309     0.802841667
2.3095     0.802808333
2.31     0.802775
2.3105     0.802741667
2.3109     0.802716667
2.3111     0.802708333
2.3116     0.802675
2.312     0.802641667
2.3121     0.802641667
2.3127     0.8026
2.313     0.802575
2.3132     0.802566667
2.3137     0.802533333
2.3139     0.802516667
2.3143     0.802491667
2.3148     0.802458333
2.315     0.802441667
2.3153     0.802425
2.3158     0.802391667
2.316     0.802375
2.3164     0.80235
2.317     0.802308333
2.3174     0.802283333
2.3179     0.80225
2.3186     0.802208333
2.319     0.802175
2.3191     0.802175
2.3195     0.802141667
2.32     0.802108333
2.3202     0.8021
2.3207     0.802066667
2.3209     0.80205
2.3213     0.802025
2.3218     0.801991667
2.322     0.801975
2.3223     0.801958333
2.3229     0.801916667
2.323     0.801908333
2.3234     0.801883333
2.3239     0.80185
2.3244     0.801816667
2.325     0.801775
2.3256     0.801741667
2.326     0.801708333
2.3267     0.801666667
2.327     0.801641667
2.3272     0.801633333
2.3277     0.8016
2.3279     0.801583333
2.3283     0.801558333
2.3288     0.801525
2.329     0.801508333
2.3293     0.801491667
2.3299     0.80145
2.33     0.801441667
2.3304     0.801416667
2.3309     0.801383333
2.3315     0.801341667
2.332     0.801308333
2.3321     0.801308333
2.3325     0.801275
2.333     0.801241667
2.3332     0.801233333
2.3337     0.8012
2.3339     0.801183333
2.3343     0.801158333
2.3348     0.801125
2.335     0.801108333
2.3353     0.801091667
2.3358     0.801058333
2.336     0.801041667
2.3364     0.801016667
2.3369     0.800983333
2.3374     0.80095
2.338     0.800908333
2.3381     0.8009
2.3386     0.800866667
2.339     0.800841667
2.3392     0.800833333
2.3397     0.8008
2.34     0.800775
2.3402     0.800766667
2.3408     0.800725
2.3409     0.800716667
2.3414     0.800683333
2.3418     0.800658333
2.342     0.800641667
2.3425     0.800608333
2.343     0.800575
2.3436     0.800533333
2.3439     0.800516667
2.3441     0.8005
2.3446     0.800466667
2.345     0.800433333
2.3451     0.800425
2.3458     0.800366667
2.346     0.80035
2.3462     0.800333333
2.3469     0.800275
2.3474     0.800233333
2.348     0.800175
2.3485     0.800133333
2.349     0.800091667
2.3495     0.80005
2.35     0.800008333
2.3502     0.799983333
2.3507     0.799941667
2.3509     0.799925
2.3513     0.799891667
2.3518     0.79985
2.352     0.799833333
2.3523     0.799808333
2.3529     0.79975
2.353     0.799741667
2.3534     0.799708333
2.3539     0.799666667
2.3546     0.799608333
2.355     0.799575
2.3552     0.799558333
2.3557     0.799508333
2.356     0.799483333
2.3562     0.799466667
2.3567     0.799425
2.3569     0.799408333
2.3574     0.799366667
2.3579     0.799316667
2.358     0.799308333
2.3585     0.799266667
2.359     0.799225
2.3595     0.799183333
2.3599     0.79915
2.3602     0.799125
2.3606     0.799083333
2.3609     0.799058333
2.3613     0.799025
2.3618     0.798983333
2.362     0.798966667
2.3624     0.798933333
2.3629     0.798891667
2.363     0.798883333
2.3634     0.798841667
2.3639     0.7988
2.3641     0.798783333
2.3646     0.798741667
2.365     0.798708333
2.3652     0.798691667
2.3657     0.798641667
2.366     0.798616667
2.3662     0.7986
2.3669     0.798541667
2.3674     0.7985
2.368     0.79845
2.3685     0.7984
2.369     0.798358333
2.3697     0.7983
2.3699     0.798283333
2.3702     0.798258333
2.3708     0.798208333
2.371     0.798183333
2.3713     0.798158333
2.3718     0.798116667
2.372     0.7981
2.3725     0.798058333
2.373     0.798016667
2.3736     0.797958333
2.3739     0.797933333
2.3741     0.797916667
2.3746     0.797875
2.375     0.797841667
2.3753     0.797816667
2.3759     0.797766667
2.376     0.79775
2.3764     0.797716667
2.3769     0.797675
2.3776     0.797616667
2.378     0.797583333
2.3781     0.797575
2.3787     0.797516667
2.379     0.797491667
2.3792     0.797475
2.3797     0.797433333
2.3799     0.797416667
2.3804     0.797375
2.381     0.797325
2.3815     0.797275
2.382     0.797233333
2.3827     0.797175
2.383     0.79715
2.3832     0.797133333
2.3838     0.797075
2.3839     0.797066667
2.3843     0.797033333
2.3848     0.796991667
2.385     0.796975
2.3855     0.796933333
2.386     0.796891667
2.3861     0.796883333
2.3866     0.796833333
2.3869     0.796808333
2.3871     0.796791667
2.3878     0.796733333
2.388     0.796716667
2.3883     0.796691667
2.3889     0.796641667
2.389     0.796625
2.3895     0.796583333
2.3899     0.79655
2.3901     0.796533333
2.3906     0.796491667
2.391     0.796458333
2.3911     0.79645
2.3918     0.796333333
2.392     0.796291667
2.3922     0.796258333
2.3929     0.796125
2.3934     0.796025
2.394     0.795916667
2.3941     0.7959
2.3946     0.7958
2.395     0.795725
2.3952     0.795691667
2.3957     0.795591667
2.396     0.795533333
2.3964     0.795458333
2.3969     0.795366667
2.3975     0.79525
2.398     0.795158333
2.3981     0.795141667
2.3987     0.795025
2.399     0.794966667
2.3992     0.794933333
2.3997     0.794833333
2.3999     0.7948
2.4004     0.7947
2.401     0.794591667
2.4015     0.794491667
2.402     0.7944
2.4027     0.794266667
2.4029     0.794233333
2.4033     0.794158333
2.4038     0.794058333
2.404     0.794025
2.4043     0.793966667
2.405     0.793833333
2.4055     0.793741667
2.406     0.793641667
2.4062     0.793608333
2.4067     0.793508333
2.4069     0.793475
2.4073     0.7934
2.4078     0.7933
2.408     0.793266667
2.4085     0.793175
2.409     0.793075
2.4091     0.793058333
2.4096     0.792966667
2.4099     0.792908333
2.4101     0.792866667
2.4108     0.792733333
2.411     0.7927
2.4113     0.792641667
2.412     0.792508333
2.4125     0.792416667
2.4129     0.79225
2.4131     0.792141667
2.4136     0.791883333
2.414     0.791675
2.4143     0.791516667
2.4148     0.791258333
2.415     0.79115
2.4155     0.790891667
2.4159     0.790683333
2.4166     0.790325
2.417     0.790116667
2.4171     0.790058333
2.4178     0.7897
2.418     0.789591667
2.4184     0.789383333
2.419     0.789075
2.4194     0.788866667
2.4199     0.788608333
2.4201     0.7885
2.4206     0.788241667
2.421     0.788033333
2.4213     0.787875
2.4219     0.787566667
2.422     0.787516667
2.4225     0.787258333
2.4229     0.78705
2.4231     0.786941667
2.4236     0.786683333
2.424     0.786475
2.4241     0.786425
2.4248     0.786058333
2.425     0.785958333
2.4254     0.78575
2.4259     0.785483333
2.4266     0.785091667
2.427     0.784858333
2.4271     0.7848
2.4278     0.784383333
2.428     0.784258333
2.4284     0.784025
2.429     0.783666667
2.4294     0.783433333
2.4299     0.783133333
2.4301     0.783016667
2.4306     0.782716667
2.431     0.782483333
2.4313     0.7823
2.4319     0.78195
2.432     0.781883333
2.4324     0.78165
2.4329     0.78135
2.4331     0.781233333
2.4336     0.780933333
2.434     0.7807
2.4343     0.780525
2.4349     0.780166667
2.435     0.780108333
2.4355     0.779808333
2.4359     0.779575
2.4361     0.77945
2.4366     0.779158333
2.437     0.778916667
2.4371     0.778858333
2.4378     0.778441667
2.438     0.778325
2.4384     0.778083333
2.4389     0.777791667
2.4396     0.777375
2.44     0.777083333
2.4401     0.776991667
2.4408     0.776366667
2.441     0.776191667
2.4414     0.775833333
2.442     0.7753
2.4426     0.774766667
2.4429     0.7745
2.4431     0.774316667
2.4438     0.773691667
2.444     0.773516667
2.4443     0.77325
2.445     0.772625
2.4456     0.772091667
2.4459     0.771825
2.4462     0.771558333
2.4468     0.771025
2.447     0.770841667
2.4473     0.770575
2.448     0.76995
2.4486     0.769416667
2.4489     0.76915
2.4492     0.768883333
2.4498     0.76835
2.45     0.768175
2.4503     0.7679
2.451     0.767283333
2.4515     0.766833333
2.452     0.766391667
2.4522     0.766208333
2.4528     0.765675
2.4529     0.765583333
2.4534     0.765141667
2.454     0.764083333
2.4545     0.7632
2.455     0.762316667
2.4552     0.761958333
2.4558     0.7609
2.4559     0.760725
2.4564     0.759841667
2.457     0.758783333
2.4575     0.7579
2.458     0.757016667
2.4582     0.756658333
2.4587     0.755775
2.4589     0.755425
2.4594     0.754541667
2.46     0.753475
2.4606     0.752416667
2.461     0.751708333
2.4612     0.751358333
2.4617     0.750475
2.462     0.749941667
2.4624     0.749241667
2.4629     0.748358333
2.4631     0.748
2.4637     0.74645
2.464     0.745666667
2.4643     0.744891667
2.4649     0.743325
2.465     0.743066667
2.4654     0.742025
2.4659     0.740725
2.4661     0.740208333
2.4666     0.7389
2.467     0.737866667
2.4673     0.737083333
2.4679     0.735525
2.468     0.735258333
2.4685     0.733958333
2.4689     0.732916667
2.4691     0.732625
2.4696     0.731975
2.47     0.73145
2.4703     0.731058333
2.471     0.73015
2.4716     0.729375
2.4719     0.728983333
2.4722     0.728591667
2.4728     0.727816667
2.473     0.727558333
2.4733     0.727166667
2.474     0.726258333
2.4745     0.725608333
2.475     0.724958333
2.4752     0.7247
2.4759     0.723791667
2.4765     0.723008333
2.477     0.722358333
2.4771     0.722233333
2.4777     0.72145
2.478     0.721058333
2.4782     0.7208
2.4789     0.719891667
2.4795     0.719116667
2.48     0.718466667
2.4802     0.7182
2.4808     0.717425
2.481     0.717166667
2.4814     0.716641667
2.4819     0.716
2.4826     0.715083333
2.483     0.714566667
2.4831     0.714441667
2.4838     0.713525
2.484     0.713266667
2.4845     0.712483333
2.485     0.709625
2.4851     0.70905
2.4856     0.706191667
2.4859     0.704475
2.4863     0.702183333
2.4868     0.699325
2.487     0.698175
2.4875     0.695316667
2.488     0.69245
2.4882     0.691308333
2.4888     0.668741667
2.4889     0.668183333
2.4894     0.665375
2.49     0.662
2.4907     0.658066667
2.491     0.656383333
2.4912     0.655258333
2.4919     0.651325
2.4924     0.648516667
2.493     0.645141667
2.4931     0.644583333
2.4938     0.640033333
2.494     0.6387
2.4944     0.636041667
2.4949     0.632725
2.4956     0.628066667
2.496     0.625408333
2.4963     0.623416667
2.4968     0.6201
2.497     0.618766667
2.4975     0.61545
2.498     0.612125
2.4981     0.611141667
2.4988     0.600941667
2.4989     0.599483333
2.4994     0.5922
2.5     0.583458333
2.5005     0.579916667
2.5012     0.574966667
2.5019     0.570016667
2.5024     0.566475
2.5031     0.561525
2.5038     0.556575
2.5044     0.552325
2.5049     0.548633333
2.5056     0.541575
2.5063     0.534516667
2.5068     0.529483333
2.5075     0.522425
2.5082     0.515366667
2.5088     0.509308333
2.5093     0.504266667