# author : Oliver Czoske
# sources : E-TNT-MPIA-MET-1004, Roy van Boekel
# date_created  : 2018-05-24
# date_modified : 2020-07-14
# type : detector:quantum_efficiency
# status : estimate
# description : Raytheon H2RG quantum efficiency
# action : transmission
# wavelength_unit : um
# changes :
# - 2020-07-23 (OC) Added to IRDB package from SimMETIS v0.3rc1
# notes :
# - Placeholder
# - original filename; METIS_IMG_LM_QE.csv received from Roy on 24 May 2018; it is the same file as used in Roy's fluxes document
#
wavelength  transmission
0.90000    0.95586
0.90100    0.95637
0.90200    0.95688
0.90300    0.95739
0.90400    0.95789
0.90500    0.95840
0.90600    0.95891
0.90700    0.95941
0.90800    0.95992
0.90900    0.96043
0.91000    0.96093
0.91100    0.96144
0.91200    0.96184
0.91300    0.96203
0.91400    0.96222
0.91500    0.96241
0.91600    0.96261
0.91700    0.96280
0.91800    0.96299
0.91900    0.96318
0.92000    0.96337
0.92100    0.96357
0.92200    0.96376
0.92300    0.96395
0.92400    0.96414
0.92500    0.96434
0.92600    0.96453
0.92700    0.96472
0.92800    0.96491
0.92900    0.96510
0.93000    0.96530
0.93100    0.96549
0.93200    0.96568
0.93300    0.96587
0.93400    0.96606
0.93500    0.96626
0.93600    0.96645
0.93700    0.96662
0.93800    0.96662
0.93900    0.96662
0.94000    0.96662
0.94100    0.96662
0.94200    0.96662
0.94300    0.96662
0.94400    0.96662
0.94500    0.96662
0.94600    0.96662
0.94700    0.96662
0.94800    0.96662
0.94900    0.96662
0.95000    0.96662
0.95100    0.96662
0.95200    0.96662
0.95300    0.96662
0.95400    0.96662
0.95500    0.96662
0.95600    0.96662
0.95700    0.96662
0.95800    0.96662
0.95900    0.96662
0.96000    0.96662
0.96100    0.96665
0.96200    0.96668
0.96300    0.96671
0.96400    0.96674
0.96500    0.96678
0.96600    0.96681
0.96700    0.96684
0.96800    0.96688
0.96900    0.96691
0.97000    0.96694
0.97100    0.96697
0.97200    0.96701
0.97300    0.96704
0.97400    0.96707
0.97500    0.96711
0.97600    0.96714
0.97700    0.96717
0.97800    0.96720
0.97900    0.96724
0.98000    0.96727
0.98100    0.96730
0.98200    0.96734
0.98300    0.96737
0.98400    0.96740
0.98500    0.96743
0.98600    0.96747
0.98700    0.96750
0.98800    0.96753
0.98900    0.96756
0.99000    0.96760
0.99100    0.96763
0.99200    0.96766
0.99300    0.96770
0.99400    0.96773
0.99500    0.96776
0.99600    0.96779
0.99700    0.96783
0.99800    0.96760
0.99900    0.96734
1.00000    0.96708
1.00090    0.96685
1.00200    0.96657
1.00300    0.96631
1.00400    0.96605
1.00500    0.96580
1.00590    0.96557
1.00700    0.96528
1.00800    0.96503
1.00900    0.96477
1.01000    0.96451
1.01090    0.96428
1.01200    0.96400
1.01300    0.96374
1.01390    0.96351
1.01500    0.96323
1.01600    0.96297
1.01700    0.96272
1.01800    0.96246
1.01890    0.96223
1.02000    0.96194
1.02100    0.96169
1.02200    0.96143
1.02300    0.96117
1.02400    0.96092
1.02500    0.96066
1.02600    0.96040
1.02700    0.96015
1.02800    0.95989
1.02900    0.95963
1.03000    0.95938
1.03100    0.95923
1.03200    0.95910
1.03300    0.95897
1.03400    0.95883
1.03500    0.95870
1.03600    0.95857
1.03700    0.95844
1.03800    0.95830
1.03890    0.95819
1.04000    0.95804
1.04100    0.95791
1.04200    0.95777
1.04300    0.95764
1.04400    0.95751
1.04500    0.95738
1.04600    0.95725
1.04700    0.95711
1.04800    0.95698
1.04900    0.95685
1.05000    0.95672
1.05100    0.95658
1.05200    0.95645
1.05300    0.95632
1.05400    0.95619
1.05500    0.95605
1.05600    0.95592
1.05700    0.95579
1.05800    0.95566
1.05900    0.95552
1.06000    0.95539
1.06100    0.95526
1.06190    0.95514
1.06300    0.95500
1.06400    0.95486
1.06500    0.95473
1.06600    0.95460
1.06700    0.95447
1.06800    0.95433
1.06900    0.95420
1.07000    0.95407
1.07100    0.95394
1.07200    0.95380
1.07300    0.95367
1.07400    0.95354
1.07500    0.95341
1.07600    0.95327
1.07700    0.95314
1.07800    0.95301
1.07900    0.95288
1.08000    0.95275
1.08100    0.95261
1.08200    0.95248
1.08300    0.95235
1.08400    0.95222
1.08500    0.95208
1.08600    0.95195
1.08700    0.95182
1.08800    0.95169
1.08900    0.95155
1.08990    0.95144
1.09100    0.95129
1.09200    0.95116
1.09300    0.95102
1.09400    0.95089
1.09500    0.95078
1.09600    0.95067
1.09700    0.95056
1.09800    0.95045
1.09900    0.95035
1.10000    0.95024
1.10100    0.95013
1.10200    0.95002
1.10300    0.94991
1.10400    0.94980
1.10500    0.94970
1.10600    0.94959
1.10700    0.94948
1.10800    0.94937
1.10900    0.94926
1.11000    0.94915
1.11100    0.94905
1.11200    0.94894
1.11290    0.94884
1.11400    0.94872
1.11500    0.94861
1.11600    0.94850
1.11700    0.94840
1.11800    0.94829
1.11900    0.94818
1.12000    0.94807
1.12100    0.94796
1.12200    0.94785
1.12300    0.94775
1.12400    0.94764
1.12500    0.94753
1.12600    0.94742
1.12700    0.94731
1.12800    0.94720
1.12900    0.94710
1.13000    0.94699
1.13100    0.94688
1.13200    0.94677
1.13300    0.94666
1.13400    0.94655
1.13500    0.94645
1.13600    0.94634
1.13700    0.94623
1.13800    0.94612
1.13900    0.94601
1.14000    0.94590
1.14090    0.94581
1.14200    0.94569
1.14300    0.94558
1.14400    0.94547
1.14500    0.94537
1.14600    0.94526
1.14700    0.94515
1.14800    0.94504
1.14900    0.94494
1.15000    0.94483
1.15100    0.94472
1.15200    0.94461
1.15300    0.94451
1.15400    0.94440
1.15500    0.94429
1.15600    0.94418
1.15700    0.94407
1.15800    0.94397
1.15900    0.94386
1.16000    0.94375
1.16100    0.94364
1.16200    0.94354
1.16300    0.94343
1.16400    0.94332
1.16500    0.94321
1.16600    0.94311
1.16700    0.94300
1.16800    0.94289
1.16900    0.94278
1.17000    0.94268
1.17100    0.94257
1.17200    0.94246
1.17300    0.94235
1.17400    0.94225
1.17500    0.94214
1.17600    0.94203
1.17700    0.94192
1.17800    0.94182
1.17900    0.94171
1.18000    0.94160
1.18100    0.94149
1.18200    0.94138
1.18300    0.94128
1.18400    0.94117
1.18500    0.94106
1.18600    0.94095
1.18700    0.94085
1.18800    0.94074
1.18900    0.94063
1.19000    0.94052
1.19100    0.94042
1.19190    0.94032
1.19300    0.94020
1.19400    0.94009
1.19500    0.93999
1.19600    0.93989
1.19700    0.93979
1.19800    0.93969
1.19900    0.93959
1.20000    0.93950
1.20100    0.93940
1.20200    0.93930
1.20300    0.93920
1.20400    0.93911
1.20490    0.93902
1.20600    0.93891
1.20700    0.93881
1.20790    0.93873
1.20900    0.93862
1.21000    0.93852
1.21090    0.93843
1.21200    0.93833
1.21300    0.93823
1.21400    0.93813
1.21490    0.93804
1.21600    0.93794
1.21700    0.93784
1.21790    0.93775
1.21900    0.93764
1.22000    0.93755
1.22090    0.93746
1.22200    0.93735
1.22300    0.93725
1.22400    0.93716
1.22500    0.93706
1.22600    0.93696
1.22700    0.93686
1.22790    0.93678
1.22900    0.93667
1.23000    0.93657
1.23090    0.93648
1.23200    0.93638
1.23300    0.93628
1.23390    0.93619
1.23500    0.93608
1.23600    0.93599
1.23700    0.93589
1.23790    0.93580
1.23900    0.93569
1.24000    0.93560
1.24090    0.93551
1.24200    0.93540
1.24300    0.93530
1.24390    0.93522
1.24500    0.93511
1.24600    0.93501
1.24700    0.93491
1.24800    0.93482
1.24900    0.93472
1.25000    0.93462
1.25090    0.93453
1.25200    0.93442
1.25300    0.93433
1.25390    0.93424
1.25500    0.93413
1.25600    0.93403
1.25690    0.93395
1.25800    0.93392
1.25900    0.93394
1.26000    0.93396
1.26090    0.93397
1.26200    0.93399
1.26300    0.93401
1.26390    0.93402
1.26500    0.93404
1.26600    0.93406
1.26690    0.93408
1.26800    0.93410
1.26900    0.93411
1.27000    0.93413
1.27090    0.93415
1.27200    0.93416
1.27300    0.93418
1.27390    0.93420
1.27500    0.93422
1.27600    0.93423
1.27690    0.93425
1.27800    0.93427
1.27900    0.93429
1.27990    0.93430
1.28100    0.93432
1.28200    0.93434
1.28300    0.93436
1.28390    0.93437
1.28500    0.93439
1.28600    0.93441
1.28690    0.93442
1.28800    0.93444
1.28900    0.93446
1.28990    0.93447
1.29100    0.93449
1.29200    0.93451
1.29300    0.93453
1.29390    0.93454
1.29500    0.93456
1.29600    0.93458
1.29690    0.93460
1.29800    0.93461
1.29900    0.93463
1.29990    0.93465
1.30100    0.93467
1.30200    0.93468
1.30300    0.93470
1.30400    0.93472
1.30500    0.93474
1.30600    0.93475
1.30690    0.93477
1.30800    0.93479
1.30900    0.93481
1.30990    0.93482
1.31100    0.93484
1.31200    0.93486
1.31290    0.93487
1.31400    0.93489
1.31500    0.93491
1.31600    0.93493
1.31690    0.93494
1.31800    0.93496
1.31900    0.93498
1.31990    0.93499
1.32100    0.93501
1.32200    0.93503
1.32290    0.93505
1.32400    0.93506
1.32500    0.93508
1.32600    0.93510
1.32700    0.93512
1.32800    0.93515
1.32900    0.93520
1.32990    0.93523
1.33100    0.93528
1.33200    0.93532
1.33290    0.93536
1.33400    0.93540
1.33500    0.93545
1.33590    0.93548
1.33700    0.93553
1.33800    0.93557
1.33900    0.93561
1.33990    0.93565
1.34100    0.93570
1.34200    0.93574
1.34290    0.93578
1.34400    0.93582
1.34500    0.93586
1.34590    0.93590
1.34700    0.93595
1.34800    0.93599
1.34900    0.93603
1.35000    0.93607
1.35100    0.93611
1.35200    0.93616
1.35290    0.93619
1.35400    0.93624
1.35500    0.93628
1.35590    0.93632
1.35700    0.93636
1.35800    0.93641
1.35890    0.93644
1.36000    0.93649
1.36100    0.93653
1.36200    0.93657
1.36290    0.93661
1.36400    0.93666
1.36500    0.93670
1.36590    0.93673
1.36700    0.93678
1.36800    0.93682
1.36890    0.93686
1.37000    0.93691
1.37100    0.93695
1.37200    0.93699
1.37290    0.93703
1.37400    0.93707
1.37500    0.93711
1.37590    0.93715
1.37700    0.93720
1.37800    0.93724
1.37890    0.93728
1.38000    0.93732
1.38100    0.93736
1.38200    0.93741
1.38300    0.93745
1.38400    0.93749
1.38500    0.93753
1.38590    0.93756
1.38700    0.93758
1.38800    0.93760
1.38890    0.93762
1.39000    0.93764
1.39100    0.93767
1.39190    0.93768
1.39300    0.93771
1.39400    0.93773
1.39500    0.93775
1.39590    0.93777
1.39700    0.93779
1.39800    0.93781
1.39890    0.93783
1.40000    0.93785
1.40100    0.93787
1.40190    0.93789
1.40300    0.93791
1.40400    0.93794
1.40500    0.93796
1.40600    0.93798
1.40700    0.93800
1.40800    0.93802
1.40890    0.93804
1.41000    0.93806
1.41100    0.93808
1.41190    0.93810
1.41300    0.93812
1.41400    0.93814
1.41490    0.93816
1.41600    0.93818
1.41700    0.93821
1.41800    0.93823
1.41890    0.93825
1.42000    0.93827
1.42100    0.93829
1.42190    0.93831
1.42300    0.93833
1.42400    0.93835
1.42490    0.93837
1.42600    0.93839
1.42700    0.93841
1.42800    0.93843
1.42900    0.93845
1.43000    0.93848
1.43100    0.93850
1.43190    0.93852
1.43300    0.93854
1.43400    0.93856
1.43490    0.93858
1.43600    0.93860
1.43700    0.93862
1.43790    0.93864
1.43900    0.93866
1.44000    0.93868
1.44100    0.93870
1.44190    0.93872
1.44300    0.93875
1.44400    0.93878
1.44490    0.93884
1.44600    0.93892
1.44700    0.93899
1.44790    0.93905
1.44900    0.93913
1.45000    0.93920
1.45100    0.93927
1.45200    0.93934
1.45300    0.93940
1.45400    0.93947
1.45490    0.93954
1.45600    0.93961
1.45700    0.93968
1.45790    0.93974
1.45900    0.93982
1.46000    0.93989
1.46090    0.93995
1.46200    0.94003
1.46300    0.94010
1.46400    0.94017
1.46490    0.94023
1.46600    0.94030
1.46700    0.94037
1.46790    0.94044
1.46900    0.94051
1.47000    0.94058
1.47090    0.94064
1.47200    0.94072
1.47300    0.94079
1.47400    0.94086
1.47490    0.94092
1.47600    0.94100
1.47700    0.94107
1.47790    0.94113
1.47900    0.94120
1.48000    0.94127
1.48090    0.94134
1.48200    0.94141
1.48300    0.94148
1.48400    0.94155
1.48500    0.94162
1.48600    0.94169
1.48700    0.94176
1.48790    0.94182
1.48900    0.94190
1.49000    0.94197
1.49090    0.94203
1.49200    0.94210
1.49300    0.94217
1.49390    0.94224
1.49500    0.94231
1.49600    0.94238
1.49700    0.94251
1.49790    0.94263
1.49900    0.94278
1.50000    0.94292
1.50090    0.94304
1.50200    0.94319
1.50300    0.94333
1.50390    0.94345
1.50500    0.94360
1.50600    0.94374
1.50700    0.94388
1.50800    0.94401
1.50900    0.94415
1.51000    0.94428
1.51090    0.94441
1.51200    0.94456
1.51300    0.94469
1.51390    0.94482
1.51500    0.94497
1.51600    0.94510
1.51690    0.94523
1.51800    0.94538
1.51900    0.94551
1.52000    0.94565
1.52090    0.94577
1.52200    0.94592
1.52300    0.94606
1.52390    0.94618
1.52500    0.94633
1.52600    0.94647
1.52690    0.94659
1.52800    0.94674
1.52900    0.94688
1.53000    0.94701
1.53100    0.94715
1.53200    0.94729
1.53300    0.94742
1.53390    0.94755
1.53500    0.94770
1.53600    0.94783
1.53690    0.94796
1.53800    0.94811
1.53900    0.94824
1.53990    0.94837
1.54100    0.94852
1.54200    0.94865
1.54300    0.94879
1.54390    0.94891
1.54500    0.94906
1.54600    0.94920
1.54690    0.94932
1.54800    0.94947
1.54900    0.94961
1.54990    0.94973
1.55100    0.94988
1.55200    0.95002
1.55300    0.95015
1.55400    0.95029
1.55500    0.95043
1.55600    0.95056
1.55690    0.95069
1.55800    0.95084
1.55900    0.95094
1.55990    0.95103
1.56100    0.95114
1.56200    0.95124
1.56290    0.95132
1.56400    0.95143
1.56500    0.95153
1.56600    0.95163
1.56690    0.95171
1.56800    0.95182
1.56900    0.95192
1.56990    0.95201
1.57100    0.95211
1.57200    0.95221
1.57290    0.95230
1.57400    0.95241
1.57500    0.95250
1.57600    0.95260
1.57690    0.95269
1.57800    0.95280
1.57900    0.95289
1.57990    0.95298
1.58100    0.95309
1.58200    0.95319
1.58290    0.95327
1.58400    0.95338
1.58500    0.95348
1.58600    0.95358
1.58700    0.95367
1.58800    0.95377
1.58900    0.95387
1.58990    0.95396
1.59100    0.95406
1.59200    0.95416
1.59290    0.95425
1.59400    0.95436
1.59500    0.95445
1.59590    0.95454
1.59700    0.95465
1.59800    0.95475
1.59900    0.95484
1.59990    0.95493
1.60100    0.95504
1.60200    0.95514
1.60290    0.95522
1.60400    0.95533
1.60500    0.95543
1.60590    0.95552
1.60700    0.95562
1.60800    0.95572
1.60900    0.95582
1.61000    0.95592
1.61100    0.95601
1.61200    0.95611
1.61290    0.95620
1.61400    0.95631
1.61500    0.95640
1.61590    0.95649
1.61700    0.95660
1.61800    0.95670
1.61890    0.95678
1.62000    0.95689
1.62100    0.95698
1.62200    0.95706
1.62290    0.95714
1.62400    0.95723
1.62500    0.95731
1.62590    0.95739
1.62700    0.95748
1.62800    0.95756
1.62890    0.95764
1.63000    0.95773
1.63100    0.95781
1.63200    0.95789
1.63300    0.95798
1.63400    0.95806
1.63500    0.95814
1.63590    0.95822
1.63700    0.95831
1.63800    0.95839
1.63890    0.95847
1.64000    0.95856
1.64100    0.95864
1.64190    0.95872
1.64300    0.95881
1.64400    0.95889
1.64500    0.95897
1.64590    0.95905
1.64700    0.95914
1.64800    0.95922
1.64890    0.95930
1.65000    0.95939
1.65100    0.95947
1.65190    0.95955
1.65300    0.95964
1.65400    0.95972
1.65500    0.95981
1.65590    0.95988
1.65700    0.95997
1.65800    0.96005
1.65890    0.96013
1.66000    0.96022
1.66100    0.96030
1.66190    0.96038
1.66300    0.96047
1.66400    0.96055
1.66500    0.96064
1.66600    0.96072
1.66700    0.96080
1.66800    0.96089
1.66890    0.96096
1.67000    0.96105
1.67100    0.96114
1.67190    0.96121
1.67300    0.96130
1.67400    0.96138
1.67490    0.96146
1.67600    0.96155
1.67700    0.96163
1.67800    0.96172
1.67890    0.96179
1.68000    0.96190
1.68100    0.96199
1.68190    0.96207
1.68300    0.96217
1.68400    0.96227
1.68490    0.96235
1.68600    0.96245
1.68700    0.96254
1.68800    0.96264
1.68900    0.96273
1.69000    0.96282
1.69100    0.96291
1.69190    0.96300
1.69300    0.96310
1.69400    0.96319
1.69490    0.96327
1.69600    0.96338
1.69700    0.96347
1.69790    0.96355
1.69900    0.96365
1.70000    0.96375
1.70100    0.96384
1.70190    0.96392
1.70300    0.96402
1.70400    0.96412
1.70490    0.96420
1.70600    0.96430
1.70700    0.96439
1.70790    0.96448
1.70900    0.96458
1.71000    0.96467
1.71100    0.96476
1.71200    0.96486
1.71300    0.96495
1.71400    0.96504
1.71490    0.96512
1.71600    0.96523
1.71700    0.96532
1.71790    0.96540
1.71900    0.96550
1.72000    0.96560
1.72090    0.96568
1.72200    0.96578
1.72300    0.96587
1.72400    0.96597
1.72490    0.96605
1.72600    0.96615
1.72700    0.96624
1.72790    0.96633
1.72900    0.96643
1.73000    0.96652
1.73090    0.96660
1.73200    0.96668
1.73300    0.96675
1.73400    0.96682
1.73500    0.96689
1.73600    0.96696
1.73700    0.96703
1.73790    0.96709
1.73900    0.96717
1.74000    0.96724
1.74090    0.96730
1.74200    0.96738
1.74300    0.96745
1.74390    0.96751
1.74500    0.96758
1.74600    0.96765
1.74700    0.96772
1.74790    0.96779
1.74900    0.96786
1.75000    0.96793
1.75090    0.96799
1.75200    0.96807
1.75300    0.96814
1.75390    0.96820
1.75500    0.96828
1.75600    0.96835
1.75700    0.96842
1.75790    0.96848
1.75900    0.96855
1.76000    0.96862
1.76090    0.96869
1.76200    0.96876
1.76300    0.96883
1.76390    0.96889
1.76500    0.96897
1.76600    0.96904
1.76700    0.96911
1.76800    0.96919
1.76900    0.96926
1.77000    0.96933
1.77090    0.96940
1.77200    0.96948
1.77300    0.96955
1.77390    0.96962
1.77500    0.96970
1.77600    0.96977
1.77690    0.96984
1.77800    0.96992
1.77900    0.96999
1.78000    0.97006
1.78090    0.97013
1.78200    0.97021
1.78300    0.97028
1.78390    0.97035
1.78500    0.97043
1.78600    0.97050
1.78690    0.97057
1.78800    0.97065
1.78900    0.97072
1.79000    0.97080
1.79100    0.97087
1.79200    0.97094
1.79300    0.97102
1.79390    0.97108
1.79500    0.97116
1.79600    0.97124
1.79690    0.97130
1.79800    0.97138
1.79900    0.97146
1.79990    0.97151
1.80100    0.97158
1.80200    0.97164
1.80300    0.97170
1.80390    0.97175
1.80500    0.97182
1.80600    0.97188
1.80690    0.97193
1.80800    0.97200
1.80900    0.97206
1.80990    0.97212
1.81100    0.97218
1.81200    0.97224
1.81300    0.97230
1.81400    0.97236
1.81500    0.97242
1.81600    0.97248
1.81690    0.97254
1.81800    0.97260
1.81900    0.97266
1.81990    0.97272
1.82100    0.97278
1.82200    0.97285
1.82290    0.97290
1.82400    0.97297
1.82500    0.97303
1.82600    0.97309
1.82690    0.97314
1.82800    0.97321
1.82900    0.97327
1.82990    0.97332
1.83100    0.97339
1.83200    0.97345
1.83290    0.97350
1.83400    0.97357
1.83500    0.97363
1.83600    0.97369
1.83700    0.97375
1.83800    0.97381
1.83900    0.97387
1.84000    0.97393
1.84100    0.97399
1.84200    0.97405
1.84300    0.97411
1.84400    0.97417
1.84500    0.97423
1.84600    0.97429
1.84700    0.97435
1.84800    0.97441
1.84900    0.97447
1.84990    0.97453
1.85100    0.97459
1.85200    0.97465
1.85300    0.97471
1.85400    0.97478
1.85500    0.97484
1.85600    0.97490
1.85700    0.97496
1.85800    0.97502
1.85900    0.97508
1.85990    0.97513
1.86100    0.97520
1.86200    0.97526
1.86300    0.97532
1.86400    0.97538
1.86500    0.97544
1.86600    0.97550
1.86700    0.97556
1.86800    0.97562
1.86900    0.97568
1.87000    0.97574
1.87100    0.97580
1.87200    0.97586
1.87290    0.97592
1.87400    0.97598
1.87500    0.97604
1.87600    0.97610
1.87700    0.97617
1.87800    0.97623
1.87900    0.97629
1.88000    0.97635
1.88100    0.97641
1.88200    0.97647
1.88290    0.97652
1.88400    0.97659
1.88500    0.97665
1.88600    0.97671
1.88700    0.97677
1.88800    0.97683
1.88900    0.97689
1.89000    0.97695
1.89100    0.97701
1.89200    0.97707
1.89300    0.97713
1.89400    0.97719
1.89500    0.97725
1.89600    0.97731
1.89700    0.97737
1.89800    0.97743
1.89900    0.97750
1.90000    0.97756
1.90100    0.97762
1.90200    0.97768
1.90300    0.97774
1.90400    0.97780
1.90500    0.97786
1.90590    0.97791
1.90700    0.97798
1.90800    0.97804
1.90900    0.97810
1.91000    0.97816
1.91100    0.97822
1.91200    0.97828
1.91300    0.97834
1.91400    0.97840
1.91500    0.97846
1.91600    0.97852
1.91700    0.97858
1.91800    0.97864
1.91900    0.97870
1.92000    0.97873
1.92100    0.97873
1.92200    0.97873
1.92300    0.97873
1.92400    0.97873
1.92500    0.97873
1.92600    0.97873
1.92700    0.97873
1.92800    0.97873
1.92890    0.97873
1.93000    0.97873
1.93100    0.97873
1.93200    0.97873
1.93300    0.97873
1.93400    0.97873
1.93500    0.97873
1.93600    0.97873
1.93700    0.97873
1.93800    0.97873
1.93900    0.97873
1.94000    0.97873
1.94100    0.97873
1.94200    0.97873
1.94300    0.97873
1.94400    0.97873
1.94500    0.97873
1.94600    0.97873
1.94700    0.97873
1.94800    0.97873
1.94900    0.97873
1.95000    0.97873
1.95100    0.97873
1.95190    0.97873
1.95300    0.97873
1.95400    0.97873
1.95500    0.97873
1.95600    0.97873
1.95700    0.97873
1.95800    0.97873
1.95900    0.97873
1.96000    0.97873
1.96100    0.97873
1.96190    0.97873
1.96300    0.97873
1.96400    0.97873
1.96500    0.97873
1.96600    0.97873
1.96700    0.97873
1.96800    0.97873
1.96900    0.97873
1.97000    0.97873
1.97100    0.97873
1.97200    0.97873
1.97300    0.97873
1.97400    0.97873
1.97490    0.97873
1.97600    0.97873
1.97700    0.97873
1.97800    0.97873
1.97900    0.97873
1.98000    0.97873
1.98100    0.97873
1.98200    0.97873
1.98300    0.97873
1.98400    0.97873
1.98490    0.97873
1.98600    0.97873
1.98700    0.97873
1.98800    0.97873
1.98900    0.97873
1.99000    0.97873
1.99100    0.97873
1.99200    0.97873
1.99300    0.97873
1.99400    0.97873
1.99500    0.97873
1.99600    0.97873
1.99700    0.97873
1.99800    0.97873
1.99900    0.97873
2.00000    0.97873
2.00040    0.97873
2.00070    0.97873
2.00100    0.97873
2.00120    0.97873
2.00160    0.97873
2.00190    0.97873
2.00240    0.97873
2.00280    0.97873
2.00300    0.97873
2.00320    0.97873
2.00350    0.97873
2.00400    0.97873
2.00440    0.97873
2.00470    0.97873
2.00490    0.97873
2.00520    0.97873
2.00560    0.97873
2.00600    0.97873
2.00630    0.97873
2.00680    0.97873
2.00700    0.97873
2.00720    0.97873
2.00750    0.97873
2.00790    0.97873
2.00840    0.97873
2.00880    0.97873
2.00900    0.97873
2.00910    0.97873
2.00960    0.97873
2.01000    0.97873
2.01050    0.97873
2.01090    0.97873
2.01100    0.97873
2.01120    0.97873
2.01170    0.97873
2.01190    0.97873
2.01210    0.97873
2.01250    0.97873
2.01280    0.97873
2.01300    0.97873
2.01330    0.97873
2.01370    0.97873
2.01400    0.97873
2.01440    0.97873
2.01490    0.97873
2.01530    0.97873
2.01560    0.97873
2.01600    0.97873
2.01610    0.97873
2.01650    0.97873
2.01690    0.97873
2.01700    0.97873
2.01720    0.97873
2.01770    0.97873
2.01790    0.97873
2.01820    0.97873
2.01860    0.97873
2.01900    0.97873
2.01930    0.97873
2.01980    0.97873
2.02000    0.97873
2.02020    0.97873
2.02050    0.97873
2.02100    0.97873
2.02140    0.97873
2.02180    0.97873
2.02190    0.97873
2.02210    0.97873
2.02260    0.97873
2.02300    0.97873
2.02350    0.97873
2.02390    0.97873
2.02400    0.97873
2.02420    0.97873
2.02470    0.97873
2.02490    0.97873
2.02510    0.97873
2.02550    0.97873
2.02580    0.97873
2.02600    0.97873
2.02630    0.97873
2.02680    0.97873
2.02700    0.97873
2.02720    0.97873
2.02760    0.97873
2.02790    0.97873
2.02840    0.97873
2.02880    0.97873
2.02900    0.97873
2.02910    0.97873
2.02960    0.97873
2.03000    0.97873
2.03050    0.97873
2.03090    0.97873
2.03120    0.97873
2.03160    0.97873
2.03200    0.97873
2.03210    0.97873
2.03250    0.97873
2.03280    0.97873
2.03300    0.97873
2.03330    0.97873
2.03370    0.97873
2.03400    0.97873
2.03420    0.97873
2.03460    0.97873
2.03490    0.97873
2.03540    0.97873
2.03580    0.97873
2.03600    0.97873
2.03620    0.97873
2.03670    0.97873
2.03700    0.97873
2.03750    0.97873
2.03790    0.97873
2.03830    0.97873
2.03860    0.97873
2.03900    0.97873
2.03920    0.97873
2.03950    0.97873
2.04000    0.97873
2.04040    0.97873
2.04070    0.97873
2.04090    0.97873
2.04120    0.97873
2.04160    0.97873
2.04200    0.97873
2.04210    0.97873
2.04250    0.97873
2.04280    0.97873
2.04300    0.97873
2.04330    0.97873
2.04370    0.97873
2.04400    0.97873
2.04420    0.97873
2.04460    0.97873
2.04490    0.97873
2.04540    0.97873
2.04580    0.97873
2.04600    0.97873
2.04620    0.97873
2.04670    0.97873
2.04700    0.97873
2.04710    0.97873
2.04740    0.97873
2.04790    0.97873
2.04830    0.97873
2.04880    0.97873
2.04900    0.97873
2.04920    0.97873
2.04950    0.97873
2.05000    0.97873
2.05040    0.97873
2.05090    0.97873
2.05130    0.97873
2.05160    0.97873
2.05200    0.97873
2.05210    0.97873
2.05250    0.97873
2.05300    0.97873
2.05340    0.97873
2.05370    0.97873
2.05390    0.97873
2.05420    0.97873
2.05460    0.97873
2.05500    0.97873
2.05510    0.97873
2.05550    0.97872
2.05580    0.97870
2.05600    0.97869
2.05630    0.97867
2.05670    0.97864
2.05700    0.97862
2.05720    0.97861
2.05760    0.97858
2.05790    0.97856
2.05850    0.97853
2.05880    0.97851
2.05900    0.97849
2.05930    0.97847
2.05970    0.97845
2.06000    0.97843
2.06020    0.97842
2.06060    0.97839
2.06090    0.97837
2.06140    0.97834
2.06180    0.97831
2.06200    0.97830
2.06230    0.97828
2.06270    0.97825
2.06300    0.97823
2.06360    0.97820
2.06390    0.97818
2.06440    0.97814
2.06480    0.97812
2.06500    0.97811
2.06530    0.97809
2.06570    0.97806
2.06600    0.97804
2.06650    0.97801
2.06700    0.97798
2.06740    0.97795
2.06780    0.97792
2.06790    0.97792
2.06830    0.97789
2.06860    0.97787
2.06900    0.97785
2.06910    0.97784
2.06950    0.97781
2.07000    0.97778
2.07040    0.97776
2.07080    0.97773
2.07090    0.97772
2.07130    0.97770
2.07160    0.97768
2.07200    0.97765
2.07210    0.97765
2.07250    0.97762
2.07300    0.97759
2.07340    0.97756
2.07370    0.97754
2.07390    0.97753
2.07430    0.97750
2.07460    0.97749
2.07500    0.97746
2.07510    0.97745
2.07560    0.97742
2.07600    0.97739
2.07640    0.97737
2.07670    0.97735
2.07700    0.97733
2.07720    0.97732
2.07760    0.97729
2.07790    0.97727
2.07810    0.97726
2.07860    0.97723
2.07900    0.97720
2.07940    0.97717
2.07990    0.97714
2.08000    0.97714
2.08020    0.97712
2.08070    0.97709
2.08090    0.97708
2.08110    0.97706
2.08160    0.97703
2.08200    0.97701
2.08250    0.97697
2.08290    0.97695
2.08300    0.97694
2.08320    0.97693
2.08370    0.97690
2.08390    0.97688
2.08420    0.97686
2.08460    0.97684
2.08500    0.97681
2.08510    0.97681
2.08550    0.97678
2.08580    0.97676
2.08600    0.97675
2.08640    0.97672
2.08670    0.97670
2.08690    0.97669
2.08720    0.97667
2.08760    0.97664
2.08800    0.97662
2.08810    0.97661
2.08860    0.97658
2.08900    0.97655
2.08940    0.97653
2.08990    0.97650
2.09000    0.97649
2.09020    0.97648
2.09070    0.97644
2.09090    0.97643
2.09110    0.97642
2.09160    0.97639
2.09200    0.97636
2.09210    0.97635
2.09250    0.97633
2.09290    0.97630
2.09300    0.97630
2.09340    0.97627
2.09370    0.97625
2.09390    0.97624
2.09410    0.97622
2.09460    0.97619
2.09500    0.97617
2.09510    0.97616
2.09550    0.97613
2.09600    0.97610
2.09640    0.97608
2.09690    0.97604
2.09730    0.97602
2.09780    0.97599
2.09800    0.97597
2.09810    0.97597
2.09860    0.97593
2.09900    0.97591
2.09950    0.97588
2.10000    0.97584
2.10040    0.97582
2.10080    0.97579
2.10090    0.97578
2.10130    0.97576
2.10160    0.97574
2.10200    0.97571
2.10220    0.97570
2.10250    0.97568
2.10300    0.97565
2.10340    0.97562
2.10390    0.97559
2.10440    0.97556
2.10480    0.97553
2.10500    0.97552
2.10530    0.97550
2.10570    0.97547
2.10600    0.97546
2.10660    0.97542
2.10690    0.97540
2.10740    0.97536
2.10790    0.97533
2.10800    0.97533
2.10830    0.97531
2.10880    0.97527
2.10900    0.97526
2.10920    0.97525
2.10970    0.97522
2.10990    0.97520
2.11010    0.97519
2.11060    0.97516
2.11100    0.97513
2.11150    0.97510
2.11180    0.97509
2.11200    0.97508
2.11240    0.97507
2.11270    0.97506
2.11300    0.97505
2.11320    0.97505
2.11370    0.97504
2.11390    0.97503
2.11410    0.97503
2.11460    0.97501
2.11500    0.97500
2.11510    0.97500
2.11550    0.97499
2.11600    0.97498
2.11640    0.97497
2.11690    0.97495
2.11730    0.97494
2.11760    0.97494
2.11800    0.97493
2.11820    0.97492
2.11850    0.97491
2.11900    0.97490
2.11950    0.97489
2.11990    0.97488
2.12040    0.97486
2.12090    0.97485
2.12100    0.97485
2.12130    0.97484
2.12180    0.97483
2.12200    0.97482
2.12220    0.97482
2.12270    0.97480
2.12300    0.97480
2.12310    0.97479
2.12360    0.97478
2.12390    0.97477
2.12450    0.97476
2.12480    0.97475
2.12500    0.97474
2.12530    0.97474
2.12590    0.97472
2.12600    0.97472
2.12620    0.97471
2.12680    0.97470
2.12690    0.97469
2.12710    0.97469
2.12760    0.97468
2.12800    0.97467
2.12810    0.97466
2.12850    0.97465
2.12900    0.97464
2.12950    0.97463
2.12990    0.97462
2.13040    0.97460
2.13080    0.97459
2.13100    0.97459
2.13130    0.97458
2.13170    0.97457
2.13200    0.97456
2.13220    0.97456
2.13270    0.97454
2.13290    0.97454
2.13310    0.97453
2.13360    0.97452
2.13400    0.97451
2.13450    0.97450
2.13480    0.97449
2.13500    0.97448
2.13540    0.97447
2.13570    0.97447
2.13600    0.97446
2.13620    0.97445
2.13680    0.97444
2.13690    0.97443
2.13710    0.97443
2.13760    0.97442
2.13800    0.97441
2.13810    0.97440
2.13850    0.97439
2.13900    0.97438
2.13950    0.97437
2.13990    0.97436
2.14040    0.97434
2.14080    0.97433
2.14100    0.97433
2.14130    0.97432
2.14180    0.97431
2.14200    0.97430
2.14220    0.97430
2.14270    0.97428
2.14290    0.97428
2.14320    0.97427
2.14360    0.97426
2.14400    0.97425
2.14410    0.97425
2.14450    0.97424
2.14500    0.97422
2.14550    0.97421
2.14590    0.97420
2.14600    0.97420
2.14640    0.97419
2.14680    0.97418
2.14690    0.97417
2.14730    0.97416
2.14780    0.97415
2.14800    0.97415
2.14820    0.97414
2.14870    0.97413
2.14900    0.97412
2.14920    0.97412
2.14960    0.97410
2.14990    0.97410
2.15010    0.97409
2.15050    0.97408
2.15100    0.97407
2.15150    0.97406
2.15190    0.97404
2.15200    0.97404
2.15240    0.97403
2.15290    0.97402
2.15330    0.97401
2.15380    0.97400
2.15400    0.97399
2.15410    0.97399
2.15470    0.97397
2.15500    0.97396
2.15520    0.97396
2.15550    0.97395
2.15590    0.97394
2.15610    0.97394
2.15660    0.97392
2.15690    0.97392
2.15750    0.97390
2.15800    0.97389
2.15840    0.97387
2.15890    0.97382
2.15900    0.97381
2.15940    0.97377
2.15980    0.97374
2.15990    0.97373
2.16030    0.97369
2.16080    0.97364
2.16100    0.97362
2.16120    0.97360
2.16170    0.97356
2.16200    0.97353
2.16220    0.97351
2.16260    0.97347
2.16290    0.97345
2.16310    0.97343
2.16360    0.97338
2.16400    0.97334
2.16450    0.97330
2.16500    0.97325
2.16540    0.97321
2.16590    0.97317
2.16640    0.97312
2.16680    0.97308
2.16700    0.97306
2.16730    0.97303
2.16780    0.97299
2.16800    0.97297
2.16830    0.97294
2.16870    0.97290
2.16900    0.97288
2.16920    0.97286
2.16970    0.97281
2.16990    0.97279
2.17010    0.97277
2.17060    0.97273
2.17100    0.97269
2.17110    0.97268
2.17150    0.97264
2.17200    0.97259
2.17240    0.97256
2.17290    0.97251
2.17340    0.97246
2.17380    0.97243
2.17400    0.97241
2.17430    0.97238
2.17490    0.97232
2.17500    0.97231
2.17520    0.97230
2.17570    0.97225
2.17590    0.97223
2.17630    0.97219
2.17680    0.97215
2.17700    0.97213
2.17710    0.97212
2.17770    0.97206
2.17800    0.97203
2.17820    0.97202
2.17850    0.97199
2.17900    0.97194
2.17910    0.97193
2.17960    0.97188
2.17990    0.97186
2.18010    0.97184
2.18050    0.97180
2.18100    0.97175
2.18150    0.97171
2.18200    0.97166
2.18240    0.97162
2.18290    0.97158
2.18340    0.97153
2.18380    0.97149
2.18400    0.97147
2.18430    0.97145
2.18480    0.97140
2.18500    0.97138
2.18520    0.97136
2.18570    0.97131
2.18590    0.97130
2.18630    0.97126
2.18660    0.97123
2.18700    0.97119
2.18710    0.97118
2.18770    0.97113
2.18800    0.97110
2.18820    0.97108
2.18870    0.97103
2.18890    0.97102
2.18910    0.97100
2.18960    0.97095
2.19000    0.97091
2.19010    0.97090
2.19060    0.97086
2.19100    0.97082
2.19150    0.97077
2.19200    0.97073
2.19240    0.97069
2.19290    0.97064
2.19350    0.97059
2.19380    0.97056
2.19400    0.97054
2.19430    0.97051
2.19490    0.97045
2.19500    0.97045
2.19540    0.97041
2.19590    0.97036
2.19640    0.97031
2.19680    0.97028
2.19700    0.97026
2.19730    0.97024
2.19780    0.97021
2.19800    0.97020
2.19820    0.97019
2.19870    0.97017
2.19890    0.97016
2.19930    0.97014
2.19960    0.97012
2.20000    0.97010
2.20010    0.97010
2.20070    0.97007
2.20100    0.97005
2.20120    0.97004
2.20170    0.97002
2.20200    0.97000
2.20220    0.96999
2.20260    0.96997
2.20290    0.96996
2.20310    0.96995
2.20360    0.96992
2.20400    0.96990
2.20450    0.96988
2.20500    0.96985
2.20510    0.96985
2.20560    0.96982
2.20590    0.96980
2.20650    0.96977
2.20700    0.96975
2.20750    0.96972
2.20800    0.96970
2.20850    0.96967
2.20890    0.96965
2.20940    0.96963
2.20990    0.96960
2.21000    0.96960
2.21030    0.96958
2.21080    0.96956
2.21100    0.96955
2.21140    0.96953
2.21190    0.96950
2.21240    0.96948
2.21290    0.96945
2.21300    0.96945
2.21330    0.96943
2.21380    0.96941
2.21400    0.96940
2.21430    0.96938
2.21470    0.96936
2.21500    0.96935
2.21520    0.96933
2.21580    0.96930
2.21590    0.96930
2.21630    0.96928
2.21680    0.96925
2.21700    0.96924
2.21730    0.96923
2.21780    0.96920
2.21800    0.96919
2.21820    0.96918
2.21870    0.96916
2.21890    0.96915
2.21930    0.96913
2.21980    0.96910
2.22000    0.96909
2.22020    0.96908
2.22070    0.96906
2.22100    0.96904
2.22120    0.96903
2.22170    0.96901
2.22190    0.96900
2.22220    0.96898
2.22260    0.96896
2.22300    0.96894
2.22310    0.96894
2.22370    0.96891
2.22400    0.96889
2.22420    0.96888
2.22470    0.96885
2.22500    0.96884
2.22520    0.96883
2.22570    0.96880
2.22590    0.96879
2.22610    0.96878
2.22660    0.96876
2.22700    0.96874
2.22720    0.96873
2.22770    0.96870
2.22800    0.96869
2.22820    0.96868
2.22870    0.96865
2.22890    0.96864
2.22910    0.96863
2.22960    0.96861
2.23000    0.96859
2.23020    0.96858
2.23050    0.96856
2.23100    0.96854
2.23160    0.96851
2.23190    0.96849
2.23210    0.96848
2.23260    0.96846
2.23300    0.96844
2.23310    0.96843
2.23360    0.96841
2.23400    0.96838
2.23450    0.96836
2.23490    0.96834
2.23510    0.96833
2.23560    0.96830
2.23600    0.96828
2.23610    0.96828
2.23660    0.96825
2.23700    0.96823
2.23750    0.96821
2.23800    0.96818
2.23810    0.96818
2.23860    0.96815
2.23890    0.96814
2.23910    0.96813
2.23960    0.96810
2.24000    0.96808
2.24010    0.96808
2.24050    0.96806
2.24100    0.96803
2.24160    0.96800
2.24190    0.96799
2.24210    0.96798
2.24260    0.96795
2.24300    0.96793
2.24310    0.96793
2.24370    0.96789
2.24400    0.96788
2.24420    0.96787
2.24470    0.96784
2.24490    0.96783
2.24520    0.96782
2.24560    0.96780
2.24600    0.96778
2.24610    0.96777
2.24670    0.96774
2.24700    0.96773
2.24720    0.96772
2.24770    0.96769
2.24800    0.96768
2.24820    0.96767
2.24870    0.96764
2.24890    0.96763
2.24910    0.96762
2.24960    0.96760
2.25000    0.96758
2.25020    0.96757
2.25070    0.96754
2.25100    0.96753
2.25120    0.96752
2.25170    0.96749
2.25190    0.96748
2.25230    0.96746
2.25280    0.96744
2.25300    0.96742
2.25330    0.96741
2.25380    0.96738
2.25400    0.96737
2.25420    0.96736
2.25470    0.96734
2.25490    0.96733
2.25530    0.96731
2.25580    0.96728
2.25600    0.96727
2.25630    0.96726
2.25680    0.96723
2.25700    0.96722
2.25730    0.96721
2.25770    0.96719
2.25790    0.96718
2.25840    0.96715
2.25890    0.96713
2.25930    0.96711
2.25980    0.96708
2.26000    0.96707
2.26040    0.96705
2.26090    0.96703
2.26100    0.96702
2.26140    0.96700
2.26190    0.96698
2.26240    0.96695
2.26300    0.96692
2.26350    0.96689
2.26400    0.96687
2.26450    0.96684
2.26490    0.96682
2.26540    0.96680
2.26600    0.96677
2.26650    0.96674
2.26700    0.96672
2.26760    0.96669
2.26790    0.96667
2.26810    0.96666
2.26860    0.96664
2.26900    0.96661
2.26910    0.96661
2.26960    0.96657
2.27000    0.96653
2.27070    0.96648
2.27100    0.96645
2.27120    0.96644
2.27170    0.96640
2.27190    0.96638
2.27210    0.96637
2.27260    0.96633
2.27300    0.96629
2.27320    0.96628
2.27370    0.96624
2.27400    0.96621
2.27420    0.96620
2.27470    0.96616
2.27490    0.96614
2.27530    0.96611
2.27580    0.96607
2.27600    0.96605
2.27630    0.96603
2.27690    0.96598
2.27700    0.96597
2.27740    0.96594
2.27790    0.96590
2.27840    0.96586
2.27890    0.96582
2.27900    0.96581
2.27950    0.96577
2.28000    0.96573
2.28050    0.96569
2.28100    0.96565
2.28140    0.96562
2.28190    0.96558
2.28210    0.96557
2.28260    0.96553
2.28300    0.96549
2.28350    0.96545
2.28400    0.96541
2.28410    0.96541
2.28470    0.96536
2.28490    0.96534
2.28510    0.96533
2.28560    0.96529
2.28600    0.96525
2.28620    0.96524
2.28680    0.96519
2.28700    0.96517
2.28720    0.96516
2.28770    0.96512
2.28790    0.96510
2.28830    0.96507
2.28890    0.96502
2.28900    0.96501
2.28930    0.96499
2.28980    0.96495
2.29000    0.96493
2.29040    0.96490
2.29090    0.96486
2.29140    0.96482
2.29200    0.96477
2.29250    0.96473
2.29300    0.96469
2.29350    0.96465
2.29400    0.96461
2.29410    0.96461
2.29460    0.96457
2.29490    0.96454
2.29510    0.96453
2.29560    0.96449
2.29600    0.96445
2.29620    0.96444
2.29670    0.96440
2.29700    0.96437
2.29720    0.96436
2.29770    0.96432
2.29790    0.96430
2.29830    0.96427
2.29880    0.96423
2.29900    0.96421
2.29930    0.96419
2.29990    0.96414
2.30000    0.96413
2.30040    0.96410
2.30090    0.96406
2.30140    0.96402
2.30200    0.96397
2.30260    0.96393
2.30300    0.96389
2.30350    0.96385
2.30400    0.96381
2.30410    0.96381
2.30470    0.96376
2.30490    0.96374
2.30510    0.96373
2.30560    0.96369
2.30600    0.96365
2.30630    0.96363
2.30670    0.96360
2.30700    0.96357
2.30720    0.96356
2.30790    0.96350
2.30840    0.96346
2.30880    0.96343
2.30900    0.96341
2.30950    0.96337
2.31000    0.96333
2.31050    0.96329
2.31090    0.96326
2.31110    0.96325
2.31160    0.96321
2.31200    0.96317
2.31210    0.96317
2.31270    0.96312
2.31300    0.96309
2.31320    0.96308
2.31370    0.96304
2.31390    0.96302
2.31430    0.96299
2.31480    0.96295
2.31500    0.96293
2.31530    0.96291
2.31580    0.96287
2.31600    0.96285
2.31640    0.96282
2.31700    0.96277
2.31740    0.96274
2.31790    0.96270
2.31860    0.96265
2.31900    0.96261
2.31910    0.96261
2.31950    0.96257
2.32000    0.96253
2.32020    0.96252
2.32070    0.96248
2.32090    0.96246
2.32130    0.96243
2.32180    0.96239
2.32200    0.96237
2.32230    0.96235
2.32290    0.96230
2.32300    0.96229
2.32340    0.96226
2.32390    0.96222
2.32440    0.96218
2.32500    0.96213
2.32560    0.96209
2.32600    0.96205
2.32670    0.96200
2.32700    0.96197
2.32720    0.96196
2.32770    0.96192
2.32790    0.96190
2.32830    0.96187
2.32880    0.96183
2.32900    0.96181
2.32930    0.96179
2.32990    0.96174
2.33000    0.96173
2.33040    0.96170
2.33090    0.96166
2.33150    0.96161
2.33200    0.96157
2.33210    0.96157
2.33250    0.96153
2.33300    0.96149
2.33320    0.96148
2.33370    0.96144
2.33390    0.96142
2.33430    0.96139
2.33480    0.96135
2.33500    0.96133
2.33530    0.96131
2.33580    0.96127
2.33600    0.96125
2.33640    0.96122
2.33690    0.96118
2.33740    0.96114
2.33800    0.96109
2.33810    0.96108
2.33860    0.96104
2.33900    0.96101
2.33920    0.96100
2.33970    0.96096
2.34000    0.96093
2.34020    0.96092
2.34080    0.96087
2.34090    0.96086
2.34140    0.96082
2.34180    0.96079
2.34200    0.96077
2.34250    0.96073
2.34300    0.96069
2.34360    0.96064
2.34390    0.96062
2.34410    0.96060
2.34460    0.96056
2.34500    0.96052
2.34510    0.96051
2.34580    0.96044
2.34600    0.96042
2.34620    0.96040
2.34690    0.96033
2.34740    0.96028
2.34800    0.96021
2.34850    0.96016
2.34900    0.96011
2.34950    0.96006
2.35000    0.96001
2.35020    0.95998
2.35070    0.95993
2.35090    0.95991
2.35130    0.95987
2.35180    0.95982
2.35200    0.95980
2.35230    0.95977
2.35290    0.95970
2.35300    0.95969
2.35340    0.95965
2.35390    0.95960
2.35460    0.95953
2.35500    0.95949
2.35520    0.95947
2.35570    0.95941
2.35600    0.95938
2.35620    0.95936
2.35670    0.95931
2.35690    0.95929
2.35740    0.95924
2.35790    0.95918
2.35800    0.95917
2.35850    0.95912
2.35900    0.95907
2.35950    0.95902
2.35990    0.95898
2.36020    0.95895
2.36060    0.95890
2.36090    0.95887
2.36130    0.95883
2.36180    0.95878
2.36200    0.95876
2.36240    0.95872
2.36290    0.95867
2.36300    0.95866
2.36340    0.95861
2.36390    0.95856
2.36410    0.95854
2.36460    0.95849
2.36500    0.95845
2.36520    0.95843
2.36570    0.95837
2.36600    0.95834
2.36620    0.95832
2.36690    0.95825
2.36740    0.95820
2.36800    0.95814
2.36850    0.95808
2.36900    0.95803
2.36970    0.95796
2.36990    0.95794
2.37020    0.95791
2.37080    0.95785
2.37100    0.95782
2.37130    0.95779
2.37180    0.95774
2.37200    0.95772
2.37250    0.95767
2.37300    0.95762
2.37360    0.95755
2.37390    0.95752
2.37410    0.95750
2.37460    0.95745
2.37500    0.95741
2.37530    0.95738
2.37590    0.95732
2.37600    0.95730
2.37640    0.95726
2.37690    0.95721
2.37760    0.95714
2.37800    0.95710
2.37810    0.95709
2.37870    0.95702
2.37900    0.95699
2.37920    0.95697
2.37970    0.95692
2.37990    0.95690
2.38040    0.95685
2.38100    0.95679
2.38150    0.95673
2.38200    0.95668
2.38270    0.95661
2.38300    0.95658
2.38320    0.95656
2.38380    0.95649
2.38390    0.95648
2.38430    0.95644
2.38480    0.95639
2.38500    0.95637
2.38550    0.95632
2.38600    0.95627
2.38610    0.95626
2.38660    0.95620
2.38690    0.95617
2.38710    0.95615
2.38780    0.95608
2.38800    0.95606
2.38830    0.95603
2.38890    0.95597
2.38900    0.95595
2.38950    0.95590
2.38990    0.95586
2.39010    0.95584
2.39060    0.95579
2.39100    0.95575
2.39110    0.95574
2.39180    0.95560
2.39200    0.95555
2.39220    0.95551
2.39290    0.95535
2.39340    0.95523
2.39400    0.95510
2.39410    0.95508
2.39460    0.95496
2.39500    0.95487
2.39520    0.95483
2.39570    0.95471
2.39600    0.95464
2.39640    0.95455
2.39690    0.95444
2.39750    0.95430
2.39800    0.95419
2.39810    0.95417
2.39870    0.95403
2.39900    0.95396
2.39920    0.95392
2.39970    0.95380
2.39990    0.95376
2.40040    0.95364
2.40100    0.95351
2.40150    0.95339
2.40200    0.95328
2.40270    0.95312
2.40290    0.95308
2.40330    0.95299
2.40380    0.95287
2.40400    0.95283
2.40430    0.95276
2.40500    0.95260
2.40550    0.95249
2.40600    0.95237
2.40620    0.95233
2.40670    0.95221
2.40690    0.95217
2.40730    0.95208
2.40780    0.95196
2.40800    0.95192
2.40850    0.95181
2.40900    0.95169
2.40910    0.95167
2.40960    0.95156
2.40990    0.95149
2.41010    0.95144
2.41080    0.95128
2.41100    0.95124
2.41130    0.95117
2.41200    0.95101
2.41250    0.95090
2.41290    0.95070
2.41310    0.95057
2.41360    0.95026
2.41400    0.95001
2.41430    0.94982
2.41480    0.94951
2.41500    0.94938
2.41550    0.94907
2.41590    0.94882
2.41660    0.94839
2.41700    0.94814
2.41710    0.94807
2.41780    0.94764
2.41800    0.94751
2.41840    0.94726
2.41900    0.94689
2.41940    0.94664
2.41990    0.94633
2.42010    0.94620
2.42060    0.94589
2.42100    0.94564
2.42130    0.94545
2.42190    0.94508
2.42200    0.94502
2.42250    0.94471
2.42290    0.94446
2.42310    0.94433
2.42360    0.94402
2.42400    0.94377
2.42410    0.94371
2.42480    0.94327
2.42500    0.94315
2.42540    0.94290
2.42590    0.94258
2.42660    0.94211
2.42700    0.94183
2.42710    0.94176
2.42780    0.94126
2.42800    0.94111
2.42840    0.94083
2.42900    0.94040
2.42940    0.94012
2.42990    0.93976
2.43010    0.93962
2.43060    0.93926
2.43100    0.93898
2.43130    0.93876
2.43190    0.93834
2.43200    0.93826
2.43240    0.93798
2.43290    0.93762
2.43310    0.93748
2.43360    0.93712
2.43400    0.93684
2.43430    0.93663
2.43490    0.93620
2.43500    0.93613
2.43550    0.93577
2.43590    0.93549
2.43610    0.93534
2.43660    0.93499
2.43700    0.93470
2.43710    0.93463
2.43780    0.93413
2.43800    0.93399
2.43840    0.93370
2.43890    0.93335
2.43960    0.93285
2.44000    0.93250
2.44010    0.93239
2.44080    0.93164
2.44100    0.93143
2.44140    0.93100
2.44200    0.93036
2.44260    0.92972
2.44290    0.92940
2.44310    0.92918
2.44380    0.92843
2.44400    0.92822
2.44430    0.92790
2.44500    0.92715
2.44560    0.92651
2.44590    0.92619
2.44620    0.92587
2.44680    0.92523
2.44700    0.92501
2.44730    0.92469
2.44800    0.92394
2.44860    0.92330
2.44890    0.92298
2.44920    0.92266
2.44980    0.92202
2.45000    0.92181
2.45030    0.92148
2.45100    0.92074
2.45150    0.92020
2.45200    0.91967
2.45220    0.91945
2.45280    0.91881
2.45290    0.91870
2.45340    0.91817
2.45400    0.91690
2.45450    0.91584
2.45500    0.91478
2.45520    0.91435
2.45580    0.91308
2.45590    0.91287
2.45640    0.91181
2.45700    0.91054
2.45750    0.90948
2.45800    0.90842
2.45820    0.90799
2.45870    0.90693
2.45890    0.90651
2.45940    0.90545
2.46000    0.90417
2.46060    0.90290
2.46100    0.90205
2.46120    0.90163
2.46170    0.90057
2.46200    0.89993
2.46240    0.89909
2.46290    0.89803
2.46310    0.89760
2.46370    0.89574
2.46400    0.89480
2.46430    0.89387
2.46490    0.89199
2.46500    0.89168
2.46540    0.89043
2.46590    0.88887
2.46610    0.88825
2.46660    0.88668
2.46700    0.88544
2.46730    0.88450
2.46790    0.88263
2.46800    0.88231
2.46850    0.88075
2.46890    0.87950
2.46910    0.87915
2.46960    0.87837
2.47000    0.87774
2.47030    0.87727
2.47100    0.87618
2.47160    0.87525
2.47190    0.87478
2.47220    0.87431
2.47280    0.87338
2.47300    0.87307
2.47330    0.87260
2.47400    0.87151
2.47450    0.87073
2.47500    0.86995
2.47520    0.86964
2.47590    0.86855
2.47650    0.86761
2.47700    0.86683
2.47710    0.86668
2.47770    0.86574
2.47800    0.86527
2.47820    0.86496
2.47890    0.86387
2.47950    0.86294
2.48000    0.86216
2.48020    0.86184
2.48080    0.86091
2.48100    0.86060
2.48140    0.85997
2.48190    0.85920
2.48260    0.85810
2.48300    0.85748
2.48310    0.85733
2.48380    0.85623
2.48400    0.85592
2.48450    0.85498
2.48500    0.85155
2.48510    0.85086
2.48560    0.84743
2.48590    0.84537
2.48630    0.84262
2.48680    0.83919
2.48700    0.83781
2.48750    0.83438
2.48800    0.83094
2.48820    0.82957
2.48880    0.80249
2.48890    0.80182
2.48940    0.79845
2.49000    0.79440
2.49070    0.78968
2.49100    0.78766
2.49120    0.78631
2.49190    0.78159
2.49240    0.77822
2.49300    0.77417
2.49310    0.77350
2.49380    0.76804
2.49400    0.76644
2.49440    0.76325
2.49490    0.75927
2.49560    0.75368
2.49600    0.75049
2.49630    0.74810
2.49680    0.74412
2.49700    0.74252
2.49750    0.73854
2.49800    0.73455
2.49810    0.73337
2.49880    0.72113
2.49890    0.71938
2.49940    0.71064
2.50000    0.70015
2.50050    0.69590
2.50120    0.68996
2.50190    0.68402
2.50240    0.67977
2.50310    0.67383
2.50380    0.66789
2.50440    0.66279
2.50490    0.65836
2.50560    0.64989
2.50630    0.64142
2.50680    0.63538
2.50750    0.62691
2.50820    0.61844
2.50880    0.61117
2.50930    0.60512
