# name : third_layer_dichroic_HK
# author : J. Bailey
# date_created : 2026-03-16T12:00:00
# date_modified : 2026-05-30T18:22:01.898
# description : Transmits K, reflects H
# wavelength_unit : um
# changes :
#
wavelength transmission reflection
0.30 0.000000 0.000000
0.31 0.000000 0.000000
0.32 0.000000 0.000000
0.33 0.000000 0.000000
0.34 0.000000 0.000000
0.35 0.000000 0.000000
0.36 0.000000 0.000000
0.37 0.000000 0.000000
0.38 0.000000 0.000000
0.39 0.000000 0.000000
0.40 0.000000 0.000000
0.41 0.000000 0.000000
0.42 0.000000 0.000000
0.43 0.000000 0.000000
0.44 0.000000 0.000000
0.45 0.000000 0.000000
0.46 0.000000 0.000000
0.47 0.000000 0.000000
0.48 0.000000 0.000000
0.49 0.000000 0.000000
0.50 0.000000 0.000000
0.51 0.000000 0.000000
0.52 0.000000 0.000000
0.53 0.000000 0.000000
0.54 0.000000 0.000000
0.55 0.000000 0.000000
0.56 0.000000 0.000000
0.57 0.000000 0.000000
0.58 0.000000 0.000000
0.59 0.000000 0.000000
0.60 0.000000 0.000000
0.61 0.000000 0.000000
0.62 0.000000 0.000000
0.63 0.000000 0.000000
0.64 0.000000 0.000000
0.65 0.000000 0.000000
0.66 0.000000 0.000000
0.67 0.000000 0.000000
0.68 0.000000 0.000000
0.69 0.000000 0.000000
0.70 0.000000 0.000000
0.71 0.000000 0.000000
0.72 0.000000 0.000000
0.73 0.000000 0.000000
0.74 0.000000 0.000000
0.75 0.000000 0.000000
0.76 0.000000 0.000000
0.77 0.000000 0.000000
0.78 0.000000 0.000000
0.79 0.000000 0.000000
0.80 0.000000 0.000000
0.81 0.000000 0.000000
0.82 0.000000 0.000000
0.83 0.000000 0.000000
0.84 0.000000 0.000000
0.85 0.000000 0.000000
0.86 0.000000 0.000000
0.87 0.000000 0.000000
0.88 0.000000 0.000000
0.89 0.000000 0.000000
0.90 0.000000 0.000000
0.91 0.000000 0.000000
0.92 0.000000 0.000000
0.93 0.000000 0.000000
0.94 0.000000 0.000000
0.95 0.000000 0.000000
0.96 0.000000 0.000000
0.97 0.000000 0.000000
0.98 0.000000 0.000000
0.99 0.000000 0.000000
1.00 0.000000 0.000000
1.01 0.000000 0.000000
1.02 0.000000 0.000000
1.03 0.000000 0.000000
1.04 0.000000 0.000000
1.05 0.000000 0.000000
1.06 0.000000 0.000000
1.07 0.000000 0.000000
1.08 0.000000 0.000000
1.09 0.000000 0.000000
1.10 0.000000 0.000000
1.11 0.000000 0.000000
1.12 0.000000 0.000000
1.13 0.000000 0.000000
1.14 0.000000 0.000000
1.15 0.000000 0.000000
1.16 0.000000 0.000000
1.17 0.000000 0.000000
1.18 0.000000 0.000000
1.19 0.000000 0.000000
1.20 0.000000 0.000000
1.21 0.000000 0.000000
1.22 0.000000 0.000000
1.23 0.000000 0.000000
1.24 0.000000 0.000000
1.25 0.000000 0.000000
1.26 0.000000 0.000000
1.27 0.000000 0.000000
1.28 0.000000 0.000000
1.29 0.000000 0.000000
1.30 0.000000 0.000000
1.31 0.000000 0.000000
1.32 0.000000 0.000000
1.33 0.000000 0.000000
1.34 0.000000 0.000000
1.35 0.000000 0.000000
1.36 0.000000 0.000000
1.37 0.000000 0.000000
1.38 0.000000 0.000001
1.39 0.000000 0.000043
1.40 0.000000 0.000833
1.41 0.000000 0.009119
1.42 0.000000 0.057259
1.43 0.000000 0.212630
1.44 0.000000 0.491749
1.45 0.000000 0.771153
1.46 0.000000 0.927000
1.47 0.000000 0.975386
1.48 0.000000 0.983731
1.49 0.000000 0.984528
1.50 0.000000 0.984570
1.51 0.000000 0.984572
1.52 0.000000 0.984572
1.53 0.000000 0.984572
1.54 0.000000 0.984572
1.55 0.000000 0.984572
1.56 0.000000 0.984572
1.57 0.000000 0.984572
1.58 0.000000 0.984572
1.59 0.000000 0.984572
1.60 0.000000 0.984572
1.61 0.000000 0.984572
1.62 0.000000 0.984572
1.63 0.000000 0.984572
1.64 0.000000 0.984572
1.65 0.000000 0.984572
1.66 0.000000 0.984572
1.67 0.000000 0.984572
1.68 0.000000 0.984572
1.69 0.000000 0.984572
1.70 0.000000 0.984572
1.71 0.000000 0.984572
1.72 0.000000 0.984572
1.73 0.000000 0.984572
1.74 0.000000 0.984572
1.75 0.000000 0.984572
1.76 0.000000 0.984572
1.77 0.000000 0.984572
1.78 0.000000 0.984572
1.79 0.000000 0.984572
1.80 0.000000 0.984572
1.81 0.000000 0.984572
1.82 0.000000 0.984572
1.83 0.000000 0.984572
1.84 0.000000 0.984572
1.85 0.000001 0.984571
1.86 0.000040 0.984532
1.87 0.000788 0.983784
1.88 0.008726 0.975846
1.89 0.055423 0.929149
1.90 0.208000 0.776572
1.91 0.485446 0.499125
1.92 0.766522 0.218049
1.93 0.925164 0.059408
1.94 0.974993 0.009579
1.95 0.983686 0.000886
1.96 0.984526 0.000046
1.97 0.984570 0.000001
1.98 0.984572 0.000000
1.99 0.984572 0.000000
2.00 0.984572 0.000000
2.01 0.984572 0.000000
2.02 0.984572 0.000000
2.03 0.984572 0.000000
2.04 0.984572 0.000000
2.05 0.984572 0.000000
2.06 0.984572 0.000000
2.07 0.984572 0.000000
2.08 0.984572 0.000000
2.09 0.984572 0.000000
2.10 0.984572 0.000000
2.11 0.984572 0.000000
2.12 0.984572 0.000000
2.13 0.984572 0.000000
2.14 0.984572 0.000000
2.15 0.984572 0.000000
2.16 0.984572 0.000000
2.17 0.984572 0.000000
2.18 0.984572 0.000000
2.19 0.984572 0.000000
2.20 0.984572 0.000000
2.21 0.984572 0.000000
2.22 0.984572 0.000000
2.23 0.984572 0.000000
2.24 0.984572 0.000000
2.25 0.984572 0.000000
2.26 0.984572 0.000000
2.27 0.984572 0.000000
2.28 0.984572 0.000000
2.29 0.984572 0.000000
2.30 0.984572 0.000000
2.31 0.984572 0.000000
2.32 0.984572 0.000000
2.33 0.984572 0.000000
2.34 0.984572 0.000000
2.35 0.984572 0.000000
2.36 0.984572 0.000000
2.37 0.984572 0.000000
2.38 0.984572 0.000000
2.39 0.984572 0.000000
2.40 0.984572 0.000000
2.41 0.984572 0.000000
2.42 0.984571 0.000000
2.43 0.984535 0.000000
2.44 0.983839 0.000000
2.45 0.976322 0.000000
2.46 0.931376 0.000000
2.47 0.782188 0.000000
2.48 0.506770 0.000000
2.49 0.223665 0.000000
