Executing C:\Users\Jason Fucik\OneDrive - California Institute of Technology\Documents\Zemax\MACROS\HISPEC\echelle_Rcalc.ZPL.
      22.000000     493.523000     -25.256673      20.576058       0.008014       2.000000   30791.768222
      22.000000     498.739818     -14.864002      20.736335       0.007070       2.000000   35271.038173
      22.000000     503.956636      -3.000584      20.927250       0.006133       2.000000   41086.830950
      22.000000     509.173455      10.945137      21.219445       0.005092       2.000000   49994.068379
      22.000000     514.390273      28.452374      21.631024       0.003859       2.000000   66655.243430
      23.000000     472.543000     -24.692807      15.677282       0.007563       2.000000   31241.052049
      23.000000     477.315955     -14.644401      15.746341       0.006710       2.000000   35569.190713
      23.000000     482.088909      -3.245238      15.859539       0.005860       2.000000   41136.593904
      23.000000     486.861864      10.059804      16.091008       0.004902       2.000000   49657.992496
      23.000000     491.634818      26.586730      16.480075       0.003768       2.000000   65241.814077
      24.000000     453.273000     -24.145901      11.172256       0.007165       2.000000   31632.309981
      24.000000     457.656636     -14.428004      11.171907       0.006389       2.000000   35818.008642
      24.000000     462.040273      -3.465731      11.225313       0.005613       2.000000   41155.074385
      24.000000     466.423909       9.244718      11.399616       0.004731       2.000000   49297.643717
      24.000000     470.807545      24.876639      11.746729       0.003690       2.000000   63795.123094
      25.000000     435.512000     -23.621116       7.025771       0.006810       2.000000   31973.974166
      25.000000     439.552000     -14.220395       6.973571       0.006100       2.000000   36026.516549
      25.000000     443.592000      -3.667894       6.981323       0.005389       2.000000   41159.139269
      25.000000     447.632000       8.493031       7.103860       0.004574       2.000000   48933.211077
      25.000000     451.672000      23.307985       7.399306       0.003615       2.000000   62465.266112
      26.000000     419.090000     -23.119699       3.203420       0.006493       2.000000   32270.661050
      26.000000     422.825227     -14.022257       3.112073       0.005839       2.000000   36203.984168
      26.000000     426.560455      -3.852640       3.084165       0.005182       2.000000   41159.483313
      26.000000     430.295682       7.802455       3.161338       0.004428       2.000000   48583.232443
      26.000000     434.030909      21.871945       3.402259       0.003544       2.000000   61241.917059
      27.000000     403.861000     -22.642724      -0.327037       0.006208       2.000000   32527.488215
      27.000000     407.324864     -13.834027      -0.449154       0.005602       2.000000   36356.998791
      27.000000     410.788727      -4.021500      -0.506132       0.004990       2.000000   41160.003787
      27.000000     414.252591       7.168599      -0.467970       0.004292       2.000000   48256.789940
      27.000000     417.716455      20.558790      -0.278994       0.003474       2.000000   60112.246802
      28.000000     389.700000     -22.188600      -3.594888       0.005949       2.000000   32750.847931
      28.000000     392.920682     -13.655616      -3.742551       0.005384       2.000000   36489.861412
      28.000000     396.141364      -4.178310      -3.824398       0.004812       2.000000   41159.533710
      28.000000     399.362045       6.581002      -3.819586       0.004164       2.000000   47952.102878
      28.000000     402.582727      19.348338      -3.676999       0.003408       2.000000   59061.481252
      29.000000     376.498000     -21.757365      -6.626069       0.005714       2.000000   32945.857192
      29.000000     379.500500     -13.485680      -6.796107       0.005184       2.000000   36605.665868
      29.000000     382.503000      -4.321849      -6.900137       0.004647       2.000000   41157.797513
      29.000000     385.505500       6.039470      -6.923821       0.004043       2.000000   47670.944446
      29.000000     388.508000      18.238462      -6.820812       0.003344       2.000000   58095.772086
      30.000000     364.161000     -21.346771      -9.443320       0.005498       2.000000   33117.716073
      30.000000     366.966682     -13.323539      -9.633672       0.004999       2.000000   36706.168903
      30.000000     369.772364      -4.454840      -9.758052       0.004493       2.000000   41151.751747
      30.000000     372.578045       5.535716      -9.806245       0.003930       2.000000   47407.081953
      30.000000     375.383727      17.212473      -9.736239       0.003281       2.000000   57204.373349
      31.000000     352.607000     -20.954290     -12.066488       0.005299       2.000000   33270.863848
      31.000000     355.234500     -13.167259     -12.275594       0.004827       2.000000   36793.213291
      31.000000     357.862000      -4.577174     -12.418887       0.004349       2.000000   41139.987639
      31.000000     360.489500       5.066600     -12.488320       0.003822       2.000000   47157.245205
      31.000000     363.117000      16.261995     -12.445530       0.003220       2.000000   56382.598611
      32.000000     341.763000     -20.580661     -14.512825       0.005115       2.000000   33407.531882
      32.000000     344.228682     -13.018411     -14.739284       0.004669       2.000000   36866.831012
      32.000000     346.694364      -4.692214     -14.900202       0.004216       2.000000   41119.630384
      32.000000     349.160045       4.625687     -14.988220       0.003721       2.000000   46915.796989
      32.000000     351.625727      15.375391     -14.967944       0.003161       2.000000   55620.676938
      33.000000     331.566000     -20.222927     -16.797622       0.004944       2.000000   33530.930620
      33.000000     333.884636     -12.873357     -17.040003       0.004521       2.000000   36929.518471
      33.000000     336.203273      -4.796010     -17.217231       0.004091       2.000000   41092.438840
      33.000000     338.521909       4.216750     -17.321603       0.003626       2.000000   46684.602591
      33.000000     340.840545      14.555236     -17.320073       0.003103       2.000000   54920.868454
      34.000000     321.959000     -19.882367     -18.934298       0.004785       2.000000   33641.873881
      34.000000     324.143318     -12.735430     -19.191060       0.004383       2.000000   36980.510789
      34.000000     326.327636      -4.894714     -19.383212       0.003974       2.000000   41055.161789
      34.000000     328.511955       3.829560     -19.502105       0.003536       2.000000   46456.244201
      34.000000     330.696273      13.784653     -19.516603       0.003047       2.000000   54266.709846
      35.000000     312.894000     -19.552117     -20.935173       0.004636       2.000000   33744.424649
      35.000000     314.955136     -12.598414     -21.204620       0.004253       2.000000   37023.737671
      35.000000     317.016273      -4.983038     -21.410163       0.003865       2.000000   41011.428357
      35.000000     319.077409       3.467937     -21.541940       0.003451       2.000000   46233.579910
      35.000000     321.138545      13.064652     -21.570403       0.002992       2.000000   53658.025454
      36.000000     304.325000     -19.236236     -22.810900       0.004497       2.000000   33837.397830
      36.000000     306.273182     -12.466282     -23.091404       0.004132       2.000000   37058.220779
      36.000000     308.221364      -5.064923     -23.308822       0.003762       2.000000   40960.114070
      36.000000     310.169545       3.127669     -23.452090       0.003370       2.000000   46014.353441
      36.000000     312.117727      12.389691     -23.493027       0.002940       2.000000   53088.637704
