Executing C:\Users\Jason Fucik\OneDrive - California Institute of Technology\Documents\Zemax\MACROS\HISPEC\echelle_Rcalc.ZPL.
      22.000000     493.523000     -25.240447      21.047904       0.008020       2.000000   30769.477002
      22.000000     498.739818     -14.854474      21.211328       0.007074       2.000000   35250.862604
      22.000000     503.956636      -2.997186      21.404073       0.006136       2.000000   41066.667109
      22.000000     509.173455      10.940073      21.695174       0.005096       2.000000   49953.808147
      22.000000     514.390273      28.425977      22.101088       0.003866       2.000000   66523.090172
      23.000000     472.543000     -24.679358      16.150517       0.007567       2.000000   31222.500821
      23.000000     477.315955     -14.636451      16.221974       0.006713       2.000000   35551.900672
      23.000000     482.088909      -3.242171      16.336452       0.005862       2.000000   41120.102370
      23.000000     486.861864      10.056205      16.567393       0.004905       2.000000   49624.284546
      23.000000     491.634818      26.566327      16.952956       0.003773       2.000000   65148.834549
      24.000000     453.273000     -24.134515      11.645495       0.007168       2.000000   31616.475827
      24.000000     457.656636     -14.421122      11.646752       0.006391       2.000000   35803.151074
      24.000000     462.040273      -3.462923      11.700814       0.005615       2.000000   41140.457577
      24.000000     466.423909       9.241939      11.875007       0.004733       2.000000   49268.719352
      24.000000     470.807545      24.860063      12.220138       0.003694       2.000000   63717.752667
      25.000000     435.512000     -23.611254       7.498156       0.006813       2.000000   31960.867195
      25.000000     439.552000     -14.214169       7.446902       0.006103       2.000000   36013.586514
      25.000000     443.592000      -3.665259       7.454828       0.005391       2.000000   41145.081961
      25.000000     447.632000       8.490629       7.577474       0.004576       2.000000   48907.209804
      25.000000     451.672000      23.294123       7.872120       0.003619       2.000000   62399.470119
      26.000000     419.090000     -23.110968       3.674459       0.006495       2.000000   32260.264071
      26.000000     422.825227     -14.016424       3.583652       0.005841       2.000000   36192.536104
      26.000000     426.560455      -3.850111       3.555650       0.005184       2.000000   41145.249596
      26.000000     430.295682       7.800189       3.633004       0.004431       2.000000   48558.747816
      26.000000     434.030909      21.859992       3.873824       0.003547       2.000000   61186.087181
      27.000000     403.861000     -22.634873       0.142393       0.006209       2.000000   32519.619656
      27.000000     407.324864     -13.828462       0.020673       0.005603       2.000000   36346.726576
      27.000000     410.788727      -4.019043      -0.036464       0.004992       2.000000   41145.335584
      27.000000     414.252591       7.166373       0.001873       0.004294       2.000000   48233.016328
      27.000000     417.716455      20.548195       0.190996       0.003477       2.000000   60064.672091
      28.000000     389.700000     -22.181502      -3.127216       0.005950       2.000000   32745.226675
      28.000000     392.920682     -13.650294      -3.274416       0.005385       2.000000   36480.604735
      28.000000     396.141364      -4.175920      -3.356332       0.004814       2.000000   41144.505344
      28.000000     399.362045       6.578810      -3.351380       0.004166       2.000000   47928.744862
      28.000000     402.582727      19.338776      -3.208714       0.003411       2.000000   59020.492523
      29.000000     376.498000     -21.750974      -6.160271       0.005715       2.000000   32942.173973
      29.000000     379.500500     -13.480638      -6.329645       0.005185       2.000000   36597.375827
      29.000000     382.503000      -4.319542      -6.433555       0.004648       2.000000   41142.681374
      29.000000     385.505500       6.037343      -6.457134       0.004045       2.000000   47648.046587
      29.000000     388.508000      18.229762      -6.354292       0.003346       2.000000   58059.959001
      30.000000     364.161000     -21.341092      -8.979520       0.005498       2.000000   33115.676330
      30.000000     366.966682     -13.318843      -9.168943       0.005000       2.000000   36698.864641
      30.000000     369.772364      -4.452647      -9.292962       0.004494       2.000000   41136.918297
      30.000000     372.578045       5.533699      -9.341075       0.003931       2.000000   47384.892035
      30.000000     375.383727      17.204565      -9.271551       0.003283       2.000000   57172.698599
      31.000000     352.607000     -20.949347     -11.604831       0.005299       2.000000   33270.209919
      31.000000     355.234500     -13.162984     -11.812736       0.004828       2.000000   36786.943442
      31.000000     357.862000      -4.575130     -11.955422       0.004351       2.000000   41125.828266
      31.000000     360.489500       5.064735     -12.024782       0.003824       2.000000   47136.097893
      31.000000     363.117000      16.254858     -11.982780       0.003222       2.000000   56354.341383
      32.000000     341.763000     -20.576482     -14.053477       0.005115       2.000000   33408.056405
      32.000000     344.228682     -13.014622     -14.278496       0.004669       2.000000   36861.650760
      32.000000     346.694364      -4.690355     -14.438583       0.004217       2.000000   41106.508643
      32.000000     349.160045       4.624006     -14.526521       0.003723       2.000000   46896.037207
      32.000000     351.625727      15.369023     -14.507285       0.003162       2.000000   55595.361918
      33.000000     331.566000     -20.219530     -16.340757       0.004944       2.000000   33532.481990
      33.000000     333.884636     -12.870104     -16.581516       0.004521       2.000000   36925.470584
      33.000000     336.203273      -4.794366     -16.757731       0.004092       2.000000   41080.652088
      33.000000     338.521909       4.215267     -16.862004       0.003627       2.000000   46666.529521
      33.000000     340.840545      14.549626     -16.861689       0.003104       2.000000   54898.182374
      34.000000     321.959000     -19.879758     -18.480087       0.004785       2.000000   33644.363869
      34.000000     324.143318     -12.732744     -18.735107       0.004383       2.000000   36977.627391
      34.000000     326.327636      -4.893308     -18.926118       0.003975       2.000000   41044.935008
      34.000000     328.511955       3.828281     -19.044886       0.003537       2.000000   46440.090813
      34.000000     330.696273      13.779787     -19.060693       0.003048       2.000000   54246.462705
      35.000000     312.894000     -19.550291     -20.483778       0.004636       2.000000   33747.828408
      35.000000     314.955136     -12.596306     -20.751422       0.004254       2.000000   37022.034057
      35.000000     317.016273      -4.981887     -20.955748       0.003866       2.000000   41002.902386
      35.000000     319.077409       3.466852     -21.087372       0.003452       2.000000   46219.496497
      35.000000     321.138545      13.060497     -21.117162       0.002993       2.000000   53640.100341
      36.000000     304.325000     -19.235180     -22.362471       0.004496       2.000000   33841.764203
      36.000000     306.273182     -12.464750     -22.641154       0.004132       2.000000   37057.712206
      36.000000     308.221364      -5.064033     -22.857325       0.003763       2.000000   40953.362461
      36.000000     310.169545       3.126762     -23.000411       0.003371       2.000000   46002.415844
      36.000000     312.117727      12.386207     -23.042636       0.002940       2.000000   53072.975073
