Executing C:\Users\Jason Fucik\OneDrive - California Institute of Technology\Documents\Zemax\MACROS\HISPEC\echelle_Rcalc.ZPL.
      22.000000     493.523000     -25.219745      21.519476       0.008025       2.000000   30748.284244
      22.000000     498.739818     -14.840024      21.686119       0.007078       2.000000   35232.352059
      22.000000     503.956636      -2.988254      21.880758       0.006138       2.000000   41048.888701
      22.000000     509.173455      10.941528      22.170778       0.005100       2.000000   49917.863987
      22.000000     514.390273      28.407978      22.570835       0.003874       2.000000   66397.733629
      23.000000     472.543000     -24.661432      16.623606       0.007572       2.000000   31205.235324
      23.000000     477.315955     -14.623575      16.697546       0.006716       2.000000   35536.315502
      23.000000     482.088909      -3.233565      16.813398       0.005864       2.000000   41106.143857
      23.000000     486.861864      10.059130      17.043836       0.004908       2.000000   49594.954294
      23.000000     491.634818      26.554314      17.425825       0.003778       2.000000   65065.039281
      24.000000     453.273000     -24.118642      12.118674       0.007172       2.000000   31601.954888
      24.000000     457.656636     -14.409318      12.121634       0.006394       2.000000   35790.038467
      24.000000     462.040273      -3.454579      12.176453       0.005617       2.000000   41128.517063
      24.000000     466.423909       9.245681      12.350576       0.004736       2.000000   49244.270427
      24.000000     470.807545      24.851758      12.693677       0.003698       2.000000   63649.323340
      25.000000     435.512000     -23.596895       7.970545       0.006816       2.000000   31949.073918
      25.000000     439.552000     -14.203023       7.920322       0.006104       2.000000   36002.446716
      25.000000     443.592000      -3.657092       7.928509       0.005392       2.000000   41133.807687
      25.000000     447.632000       8.494732       8.051316       0.004578       2.000000   48885.763583
      25.000000     451.672000      23.288412       8.345156       0.003623       2.000000   62342.071169
      26.000000     419.090000     -23.097724       4.145542       0.006497       2.000000   32251.191183
      26.000000     422.825227     -14.005666       4.055337       0.005843       2.000000   36182.920363
      26.000000     426.560455      -3.842055       4.027309       0.005185       2.000000   41133.860468
      26.000000     430.295682       7.804401       4.104903       0.004432       2.000000   48538.845064
      26.000000     434.030909      21.856069       4.345664       0.003550       2.000000   61138.216024
      27.000000     403.861000     -22.622487       0.611894       0.006211       2.000000   32513.099865
      27.000000     407.324864     -13.817959       0.490608       0.005605       2.000000   36338.319759
      27.000000     410.788727      -4.011060       0.433359       0.004993       2.000000   41133.532134
      27.000000     414.252591       7.170590       0.471932       0.004296       2.000000   48213.793067
      27.000000     417.716455      20.545505       0.661290       0.003480       2.000000   60024.718569
      28.000000     389.700000     -22.169839      -2.659450       0.005951       2.000000   32740.989266
      28.000000     392.920682     -13.640012      -2.806170       0.005386       2.000000   36473.236345
      28.000000     396.141364      -4.168001      -2.888129       0.004815       2.000000   41132.328455
      28.000000     399.362045       6.583020      -2.882977       0.004168       2.000000   47909.855820
      28.000000     402.582727      19.336991      -2.740112       0.003412       2.000000   58986.833060
      29.000000     376.498000     -21.739985      -5.694353       0.005715       2.000000   32939.915470
      29.000000     379.500500     -13.470608      -5.863062       0.005186       2.000000   36590.988662
      29.000000     382.503000      -4.311702      -5.966837       0.004650       2.000000   41130.379456
      29.000000     385.505500       6.041575      -5.990255       0.004047       2.000000   47629.501394
      29.000000     388.508000      18.228709      -5.887440       0.003347       2.000000   58031.201147
      30.000000     364.161000     -21.330779      -8.515568       0.005498       2.000000   33115.104234
      30.000000     366.966682     -13.309131      -8.704068       0.005000       2.000000   36693.472478
      30.000000     369.772364      -4.444914      -8.827723       0.004496       2.000000   41124.846426
      30.000000     372.578045       5.537999      -8.875700       0.003933       2.000000   47366.916963
      30.000000     375.383727      17.204176      -8.806507       0.003284       2.000000   57147.810772
      31.000000     352.607000     -20.939736     -11.142984       0.005299       2.000000   33271.065474
      31.000000     355.234500     -13.153663     -11.349696       0.004829       2.000000   36782.592444
      31.000000     357.862000      -4.567540     -11.491773       0.004352       2.000000   41114.370553
      31.000000     360.489500       5.069146     -11.561006       0.003825       2.000000   47119.018670
      31.000000     363.117000      16.255118     -11.519641       0.003223       2.000000   56332.608967
      32.000000     341.763000     -20.567600     -13.593896       0.005115       2.000000   33410.128005
      32.000000     344.228682     -13.005761     -13.817478       0.004670       2.000000   36858.395473
      32.000000     346.694364      -4.682943     -13.976729       0.004218       2.000000   41096.027848
      32.000000     349.160045       4.628563     -14.064532       0.003724       2.000000   46880.199564
      32.000000     351.625727      15.369937     -14.046190       0.003163       2.000000   55576.318113
      33.000000     331.566000     -20.211401     -15.883611       0.004943       2.000000   33535.610729
      33.000000     333.884636     -12.861755     -16.122742       0.004521       2.000000   36923.354302
      33.000000     336.203273      -4.787165     -16.297933       0.004093       2.000000   41071.450553
      33.000000     338.521909       4.219987     -16.402052       0.003628       2.000000   46652.242381
      33.000000     340.840545      14.551195     -16.402818       0.003105       2.000000   54881.528225
      34.000000     321.959000     -19.872391     -18.025546       0.004784       2.000000   33648.450904
      34.000000     324.143318     -12.724943     -18.278809       0.004383       2.000000   36976.682432
      34.000000     326.327636      -4.886344     -18.468658       0.003976       2.000000   41037.245616
      34.000000     328.511955       3.833170     -18.587246       0.003538       2.000000   46427.600841
      34.000000     330.696273      13.782004     -18.604237       0.003049       2.000000   54232.020697
      35.000000     312.894000     -19.543684     -20.032003       0.004635       2.000000   33752.835270
      35.000000     314.955136     -12.589069     -20.297821       0.004254       2.000000   37022.275195
      35.000000     317.016273      -4.975176     -20.500898       0.003866       2.000000   40996.876115
      35.000000     319.077409       3.471904     -20.632312       0.003453       2.000000   46208.971299
      35.000000     321.138545      13.063340     -20.663317       0.002994       2.000000   53627.767104
      36.000000     304.325000     -19.229323     -21.913611       0.004496       2.000000   33847.722582
      36.000000     306.273182     -12.458077     -22.190444       0.004132       2.000000   37059.152068
      36.000000     308.221364      -5.057588     -22.405329       0.003763       2.000000   40949.082512
      36.000000     310.169545       3.131963     -22.548174       0.003372       2.000000   45993.948349
      36.000000     312.117727      12.389642     -22.591585       0.002941       2.000000   53062.701551
