Executing C:\Users\Jason Fucik\OneDrive - California Institute of Technology\Documents\Zemax\MACROS\HISPEC\echelle_Rcalc.ZPL.
      22.000000    2332.128000     -24.876538      25.918764       0.036750       2.000000   31729.400335
      22.000000    2356.780500     -14.272034      25.950876       0.033001       2.000000   35708.238723
      22.000000    2381.433000      -2.302215      26.118479       0.028769       2.000000   41389.074507
      22.000000    2406.085500      11.780326      26.516610       0.023714       2.000000   50731.905049
      22.000000    2430.738000      29.832179      27.315292       0.017227       2.000000   70551.934167
      23.000000    2232.987000     -24.422116      19.674628       0.034850       2.000000   32037.385088
      23.000000    2255.542227     -14.211950      19.641809       0.031425       2.000000   35888.274822
      23.000000    2278.097455      -2.740252      19.734311       0.027545       2.000000   41352.786747
      23.000000    2300.652682      10.659917      20.031583       0.022923       2.000000   50182.120704
      23.000000    2323.207909      27.578433      20.683383       0.017048       2.000000   68137.968007
      24.000000    2141.927000     -23.996816      13.993813       0.033140       2.000000   32315.911080
      24.000000    2162.642000     -14.153281      13.912100       0.029987       2.000000   36059.107779
      24.000000    2183.357000      -3.137803      13.944513       0.026414       2.000000   41329.373045
      24.000000    2204.072000       9.645635      14.157501       0.022176       2.000000   49694.263440
      24.000000    2224.787000      25.564202      14.678070       0.016840       2.000000   66055.774543
      25.000000    2058.000000     -23.599927       8.803892       0.031589       2.000000   32574.550390
      25.000000    2077.090909     -14.096958       8.683923       0.028670       2.000000   36224.531185
      25.000000    2096.181818      -3.500674       8.667446       0.025366       2.000000   41318.193215
      25.000000    2115.272727       8.722922       8.810215       0.021469       2.000000   49264.512852
      25.000000    2134.363636      23.755952       9.218526       0.016610       2.000000   64250.980458
      26.000000    1980.399000     -23.229976       4.042471       0.030172       2.000000   32818.643958
      26.000000    1998.049682     -14.043558       3.891749       0.027457       2.000000   36385.445463
      26.000000    2015.700364      -3.833593       3.835002       0.024393       2.000000   41317.610409
      26.000000    2033.351045       7.879851       3.919087       0.020797       2.000000   48885.942121
      26.000000    2051.001727      22.125096       4.232984       0.016358       2.000000   62689.828090
      27.000000    1908.436000     -22.884056      -0.343221       0.028871       2.000000   33051.108439
      27.000000    1924.803500     -13.992525      -0.519169       0.026337       2.000000   36542.156212
      27.000000    1941.171000      -4.139837      -0.609482       0.023486       2.000000   41326.039244
      27.000000    1957.538500       7.106778      -0.574651       0.020159       2.000000   48551.938735
      27.000000    1973.906000      20.647064      -0.339859       0.016091       2.000000   61335.424644
      28.000000    1841.518000     -22.559992      -4.397614       0.027673       2.000000   33273.267396
      28.000000    1856.737091     -13.944045      -4.594613       0.025300       2.000000   36694.326672
      28.000000    1871.956182      -4.423136      -4.713244       0.022640       2.000000   41341.186497
      28.000000    1887.175273       6.394219      -4.719971       0.019554       2.000000   48255.455104
      28.000000    1902.394364      19.299446      -4.551511       0.015813       2.000000   60151.677762
      29.000000    1779.132000     -22.255924      -8.158202       0.026565       2.000000   33485.763135
      29.000000    1793.319727     -13.897925      -8.373031       0.024338       2.000000   36841.693937
      29.000000    1807.507455      -4.685807      -8.515804       0.021850       2.000000   41361.347145
      29.000000    1821.695182       5.735686      -8.557785       0.018979       2.000000   47991.383493
      29.000000    1835.882909      18.066262      -8.445059       0.015529       2.000000   59111.503530
      30.000000    1720.833000     -21.969730     -11.656786       0.025540       2.000000   33689.079869
      30.000000    1734.090727     -13.853986     -11.886892       0.023444       2.000000   36983.968758
      30.000000    1747.348455      -4.930399     -12.050407       0.021111       2.000000   41384.713148
      30.000000    1760.606182       5.124337     -12.122468       0.018434       2.000000   47754.237606
      30.000000    1773.863909      16.931751     -12.056770       0.015242       2.000000   58190.050694
      31.000000    1666.233000     -21.699149     -14.920496       0.024588       2.000000   33883.636893
      31.000000    1678.649136     -13.811522     -15.163819       0.022610       2.000000   37121.098875
      31.000000    1691.065273      -5.158338     -15.345254       0.020418       2.000000   41410.219674
      31.000000    1703.481409       4.555399     -15.443109       0.017916       2.000000   47540.104257
      31.000000    1715.897545      15.884216     -15.417266       0.014955       2.000000   57368.744267
      32.000000    1614.990000     -21.443176     -17.972565       0.023702       2.000000   34069.340892
      32.000000    1626.642273     -13.770802     -18.227442       0.021833       2.000000   37252.604219
      32.000000    1638.294545      -5.371630     -18.424438       0.019769       2.000000   41436.607717
      32.000000    1649.946818       4.024148     -18.544517       0.017425       2.000000   47345.222961
      32.000000    1661.599091      14.913316     -18.552604       0.014670       2.000000   56631.836811
      33.000000    1566.804000     -21.200198     -20.833048       0.022875       2.000000   34246.350152
      33.000000    1577.760818     -13.731425     -21.098132       0.021105       2.000000   37378.315192
      33.000000    1588.717636      -5.571477     -21.308714       0.019158       2.000000   41463.137035
      33.000000    1599.674455       3.526950     -21.448013       0.016958       2.000000   47166.739819
      33.000000    1610.631273      14.010585     -21.485087       0.014389       2.000000   55966.657889
      34.000000    1521.410000     -20.968578     -23.519342       0.022104       2.000000   34414.924421
      34.000000    1531.731591     -13.692961     -23.793537       0.020424       2.000000   37498.104939
      34.000000    1542.053182      -5.759025     -24.016048       0.018584       2.000000   41489.123578
      34.000000    1552.374773       3.060347     -24.172025       0.016514       2.000000   47002.009533
      34.000000    1562.696364      13.168210     -24.233922       0.014113       2.000000   55362.146439
      35.000000    1478.571000     -20.748093     -26.046558       0.021382       2.000000   34574.907017
      35.000000    1488.311455     -13.655689     -26.328988       0.019785       2.000000   37611.575580
      35.000000    1498.051909      -5.935279     -26.562064       0.018043       2.000000   41513.956576
      35.000000    1507.792364       2.622136     -26.732563       0.016092       2.000000   46849.316641
      35.000000    1517.532818      12.381379     -26.815739       0.013843       2.000000   54810.942082
      36.000000    1438.079000     -20.536461     -28.428041       0.020705       2.000000   34727.134822
      36.000000    1447.285591     -13.618719     -28.717929       0.019185       2.000000   37718.945702
      36.000000    1456.492182      -6.101128     -28.960401       0.017532       2.000000   41537.082423
      36.000000    1465.698773       2.208972     -29.143573       0.015691       2.000000   46706.169748
      36.000000    1474.905364      11.642665     -29.245013       0.013580       2.000000   54303.820793
