Executing C:\Users\Jason Fucik\OneDrive - California Institute of Technology\Documents\Zemax\MACROS\HISPEC\echelle_Rcalc.ZPL.
      21.000000     976.190000     -26.485864      29.074053       0.015822       2.000000   30849.420068
      21.000000     986.767500     -15.834993      29.279530       0.014007       2.000000   35225.047109
      21.000000     997.345000      -3.692713      29.511448       0.012143       2.000000   41066.016455
      21.000000    1007.922500      10.607176      29.831111       0.010052       2.000000   50137.874380
      21.000000    1018.500000      28.702210      30.259139       0.007501       2.000000   67886.808162
      22.000000     932.851000     -25.863991      23.754615       0.014892       2.000000   31320.306954
      22.000000     942.712136     -15.327714      23.862381       0.013218       2.000000   35660.504377
      22.000000     952.573273      -3.348113      24.009919       0.011489       2.000000   41454.396385
      22.000000     962.434409      10.738221      24.277739       0.009512       2.000000   50592.189054
      22.000000     972.295545      28.571935      24.701520       0.007080       2.000000   68661.708236
      23.000000     893.195000     -25.263232      18.876302       0.014072       2.000000   31736.161765
      23.000000     902.217045     -15.085537      18.901858       0.012553       2.000000   35934.954389
      23.000000     911.239091      -3.584111      18.975581       0.010987       2.000000   41468.688226
      23.000000     920.261136       9.840192      19.181695       0.009169       2.000000   50181.253528
      23.000000     929.283182      26.632817      19.566758       0.006959       2.000000   66768.351364
      24.000000     856.771000     -24.688098      14.397386       0.013339       2.000000   32114.254383
      24.000000     865.056909     -14.850652      14.360375       0.011959       2.000000   36167.888866
      24.000000     873.342818      -3.796905      14.378004       0.010532       2.000000   41459.546704
      24.000000     881.628727       9.016135      14.526955       0.008858       2.000000   49762.331193
      24.000000     889.914636      24.873541      14.863070       0.006833       2.000000   65119.086858
      25.000000     823.200000     -24.140218      10.278655       0.012683       2.000000   32452.697171
      25.000000     830.836364     -14.626485      10.196279       0.011423       2.000000   36367.045392
      25.000000     838.472727      -3.990260      10.172214       0.010116       2.000000   41443.467444
      25.000000     846.109091       8.261105      10.269971       0.008572       2.000000   49354.909118
      25.000000     853.745455      23.272352      10.549048       0.006705       2.000000   63661.618516
      26.000000     792.160000     -23.620470       6.483759       0.012093       2.000000   32751.651305
      26.000000     799.220227     -14.414656       6.368968       0.010936       2.000000   36540.404444
      26.000000     806.280455      -4.167037       6.313618       0.009731       2.000000   41429.723879
      26.000000     813.340682       7.569311       6.366856       0.008304       2.000000   48973.475400
      26.000000     820.400909      21.812562       6.586349       0.006580       2.000000   62339.454286
      27.000000     763.374000     -23.130700       2.979205       0.011561       2.000000   33013.820004
      27.000000     769.921045     -14.217192       2.840722       0.010491       2.000000   36693.478512
      27.000000     776.468091      -4.331051       2.761083       0.009373       2.000000   41421.114583
      27.000000     783.015136       6.933011       2.776281       0.008052       2.000000   48623.713218
      27.000000     789.562182      20.478699       2.938843       0.006458       2.000000   61127.369593
      28.000000     736.607000     -22.667331      -0.265352       0.011078       2.000000   33245.120032
      28.000000     742.694727     -14.031051      -0.422099       0.010082       2.000000   36831.536185
      28.000000     748.782455      -4.481773      -0.521504       0.009039       2.000000   41419.062108
      28.000000     754.870182       6.348010      -0.538538       0.007813       2.000000   48307.980704
      28.000000     760.957909      19.259250      -0.427085       0.006339       2.000000   60018.494477
      29.000000     711.653000     -22.229926      -3.276734       0.010638       2.000000   33449.958360
      29.000000     717.328000     -13.856495      -3.448602       0.009705       2.000000   36956.555448
      29.000000     723.003000      -4.622041      -3.564937       0.008727       2.000000   41421.187306
      29.000000     728.678000       5.806774      -3.609280       0.007587       2.000000   48022.242289
      29.000000     734.353000      18.139382      -3.541877       0.006223       2.000000   59004.523869
      30.000000     688.333000     -21.817682      -6.078340       0.010233       2.000000   33632.119179
      30.000000     693.636182     -13.692923      -6.263629       0.009356       2.000000   37069.676325
      30.000000     698.939364      -4.752909      -6.395132       0.008436       2.000000   41425.196190
      30.000000     704.242545       5.304994      -6.462712       0.007372       2.000000   47762.768318
      30.000000     709.545727      17.109463      -6.432249       0.006108       2.000000   58080.766912
      31.000000     666.493000     -21.426240      -8.690531       0.009861       2.000000   33796.024169
      31.000000     671.459591     -13.537437      -8.888312       0.009032       2.000000   37172.391390
      31.000000     676.426182      -4.874343      -9.033825       0.008164       2.000000   41429.170013
      31.000000     681.392773       4.838139      -9.121313       0.007169       2.000000   47524.694290
      31.000000     686.359364      16.157643      -9.121319       0.005996       2.000000   57237.561959
      32.000000     645.996000     -21.054334     -11.130858       0.009516       2.000000   33944.156075
      32.000000     650.656909     -13.389681     -11.340580       0.008730       2.000000   37264.781535
      32.000000     655.317818      -4.987900     -11.499278       0.007909       2.000000   41430.478580
      32.000000     659.978727       4.401461     -11.603970       0.006976       2.000000   47302.748628
      32.000000     664.639636      15.273737     -11.628886       0.005885       2.000000   56465.122659
      33.000000     626.722000     -20.699825     -13.414574       0.009195       2.000000   34078.828526
      33.000000     631.104500     -13.248228     -13.635795       0.008449       2.000000   37347.335595
      33.000000     635.487000      -5.093609     -13.806990       0.007670       2.000000   41427.655480
      33.000000     639.869500       3.992499     -13.926674       0.006794       2.000000   47093.440319
      33.000000     644.252000      14.450972     -13.971889       0.005777       2.000000   55755.915797
      34.000000     608.564000     -20.362304     -15.554939       0.008897       2.000000   34201.233211
      34.000000     612.692636     -13.112776     -15.787202       0.008187       2.000000   37420.084474
      34.000000     616.821273      -5.191711     -15.970244       0.007446       2.000000   41419.525880
      34.000000     620.949909       3.609818     -16.103106       0.006621       2.000000   46894.298870
      34.000000     625.078545      13.685309     -16.164903       0.005672       2.000000   55104.367808
      35.000000     591.429000     -20.038203     -17.563721       0.008618       2.000000   34313.613787
      35.000000     595.324909     -12.981532     -17.806411       0.007941       2.000000   37483.853742
      35.000000     599.220818      -5.282829     -18.000572       0.007236       2.000000   41405.117541
      35.000000     603.116727       3.249392     -18.145080       0.006457       2.000000   46701.421912
      35.000000     607.012636      12.967240     -18.220561       0.005569       2.000000   54499.560554
      36.000000     575.231000     -19.729839     -19.451141       0.008357       2.000000   34415.477410
      36.000000     578.913727     -12.856369     -19.703572       0.007711       2.000000   37537.857671
      36.000000     582.596455      -5.368498     -19.908106       0.007039       2.000000   41383.318947
      36.000000     586.279182       2.909760     -20.062982       0.006302       2.000000   46513.121593
      36.000000     589.961909      12.294549     -20.149916       0.005469       2.000000   53937.578462
      37.000000     559.898000     -19.430817     -21.226663       0.008112       2.000000   34509.931427
      37.000000     563.384136     -12.732819     -21.487938       0.007495       2.000000   37584.416047
      37.000000     566.870273      -5.446639     -21.701957       0.006854       2.000000   41355.339928
      37.000000     570.356409       2.589834     -21.866051       0.006156       2.000000   46328.323431
      37.000000     573.842545      11.661294     -21.962733       0.005372       2.000000   53411.272802
      38.000000     545.360000     -19.145235     -22.898379       0.007882       2.000000   34595.387940
      38.000000     548.665227     -12.614276     -23.167605       0.007292       2.000000   37622.166671
      38.000000     551.970455      -5.519877     -23.390236       0.006679       2.000000   41320.014633
      38.000000     555.275682       2.287698     -23.562577       0.006017       2.000000   46145.684810
      38.000000     558.580909      11.065782     -23.667739       0.005278       2.000000   52917.609089
      39.000000     531.558000     -18.869707     -24.473896       0.007665       2.000000   34673.419892
      39.000000     534.695955     -12.498644     -24.750084       0.007100       2.000000   37652.414054
      39.000000     537.833909      -5.587662     -24.980389       0.006515       2.000000   41278.117011
      39.000000     540.971864       2.001867     -25.160085       0.005885       2.000000   45964.403623
      39.000000     544.109818      10.503332     -25.272771       0.005187       2.000000   52451.185685
      40.000000     518.438000     -18.602561     -25.960057       0.007461       2.000000   34744.776251
      40.000000     521.420727     -12.385190     -26.242184       0.006920       2.000000   37675.828926
      40.000000     524.403455      -5.650354     -26.479200       0.006359       2.000000   41230.018489
      40.000000     527.386182       1.730536     -26.665433       0.005760       2.000000   45783.635651
      40.000000     530.368909       9.969812     -26.784918       0.005099       2.000000   52007.426019
      41.000000     505.949000     -18.346726     -27.362842       0.007268       2.000000   34808.056296
      41.000000     508.788091     -12.275990     -27.650012       0.006749       2.000000   37691.672017
      41.000000     511.627182      -5.709014     -27.892874       0.006213       2.000000   41175.738937
      41.000000     514.466273       1.473762     -28.084942       0.005641       2.000000   45603.899193
      41.000000     517.305364       9.466240     -28.210665       0.005014       2.000000   51586.350179
      42.000000     494.048000     -18.098432     -28.688006       0.007085       2.000000   34864.809827
      42.000000     496.753455     -12.168604     -28.979325       0.006588       2.000000   37701.403287
      42.000000     499.458909      -5.762726     -29.227162       0.006074       2.000000   41116.414616
      42.000000     502.164364       1.230552     -29.424394       0.005527       2.000000   45425.047557
      42.000000     504.869818       8.988860     -29.555889       0.004932       2.000000   51184.091435
