Executing C:\Users\Jason Fucik\OneDrive - California Institute of Technology\Documents\Zemax\MACROS\HISPEC\echelle_Rcalc.ZPL.
      21.000000     976.190000     -26.506925      28.596616       0.015811       2.000000   30870.684835
      21.000000     986.767500     -15.849946      28.799124       0.014000       2.000000   35242.576961
      21.000000     997.345000      -3.702177      29.029077       0.012138       2.000000   41083.488496
      21.000000    1007.922500      10.605068      29.349687       0.010045       2.000000   50171.579841
      21.000000    1018.500000      28.719104      29.783504       0.007488       2.000000   68012.112239
      22.000000     932.851000     -25.882246      23.275416       0.014884       2.000000   31337.199924
      22.000000     942.712136     -15.340779      23.380590       0.013212       2.000000   35675.771681
      22.000000     952.573273      -3.356882      23.526334       0.011486       2.000000   41467.544443
      22.000000     962.434409      10.735248      23.794940       0.009506       2.000000   50621.953642
      22.000000     972.295545      28.585393      24.222804       0.007071       2.000000   68754.665264
      23.000000     893.195000     -25.279404      18.396850       0.014065       2.000000   31751.651042
      23.000000     902.217045     -15.097248      18.420408       0.012549       2.000000   35948.107017
      23.000000     911.239091      -3.592489      18.492921       0.010984       2.000000   41478.840513
      23.000000     920.261136       9.836167      18.699310       0.009165       2.000000   50205.477189
      23.000000     929.283182      26.642324      19.087154       0.006951       2.000000   66844.718532
      24.000000     856.771000     -24.702694      13.918628       0.013334       2.000000   32128.197005
      24.000000     865.056909     -14.861502      13.880453       0.011955       2.000000   36179.214046
      24.000000     873.342818      -3.805003      13.897572       0.010530       2.000000   41468.390968
      24.000000     881.628727       9.011609      14.046430       0.008855       2.000000   49782.707537
      24.000000     889.914636      24.880185      14.383820       0.006826       2.000000   65185.888557
      25.000000     823.200000     -24.153722       9.801214       0.012678       2.000000   32464.668839
      25.000000     830.836364     -14.636897       9.718449       0.011420       2.000000   36377.022349
      25.000000     838.472727      -3.998197       9.694455       0.010114       2.000000   41452.301840
      25.000000     846.109091       8.256463       9.791937       0.008568       2.000000   49373.314126
      25.000000     853.745455      23.276995      10.070991       0.006699       2.000000   63719.108059
      26.000000     792.160000     -23.633272       6.007947       0.012090       2.000000   32761.509155
      26.000000     799.220227     -14.424916       5.893313       0.010933       2.000000   36549.505332
      26.000000     806.280455      -4.174906       5.838411       0.009728       2.000000   41439.337906
      26.000000     813.340682       7.564756       5.891328       0.008301       2.000000   48991.349365
      26.000000     820.400909      21.815924       6.109976       0.006575       2.000000   62388.496059
      27.000000     763.374000     -23.143063       2.505111       0.011559       2.000000   33021.665642
      27.000000     769.921045     -14.227454       2.367066       0.010489       2.000000   36702.052235
      27.000000     776.468091      -4.338911       2.288050       0.009370       2.000000   41431.864267
      27.000000     783.015136       6.928615       2.302953       0.008049       2.000000   48641.922536
      27.000000     789.562182      20.481287       2.464312       0.006454       2.000000   61169.561849
      28.000000     736.607000     -22.679395      -0.737761       0.011076       2.000000   33251.174233
      28.000000     742.694727     -14.041367      -0.894018       0.010080       2.000000   36839.782449
      28.000000     748.782455      -4.489651      -0.992790       0.009037       2.000000   41430.991934
      28.000000     754.870182       6.343770      -1.010065       0.007810       2.000000   48326.910700
      28.000000     760.957909      19.261360      -0.899833       0.006335       2.000000   60055.499536
      29.000000     711.653000     -22.241740      -3.747530       0.010636       2.000000   33454.472432
      29.000000     717.328000     -13.866849      -3.919027       0.009703       2.000000   36964.546648
      29.000000     723.003000      -4.629939      -4.034837       0.008725       2.000000   41434.137393
      29.000000     728.678000       5.802648      -4.079369       0.007584       2.000000   48041.933610
      29.000000     734.353000      18.141152      -4.012991       0.006219       2.000000   59037.690403
      30.000000     688.333000     -21.829233      -6.547580       0.010232       2.000000   33635.330660
      30.000000     693.636182     -13.703257      -6.732727       0.009354       2.000000   37077.394416
      30.000000     698.939364      -4.760809      -6.863891       0.008433       2.000000   41438.886410
      30.000000     704.242545       5.300927      -6.931620       0.007369       2.000000   47783.044860
      30.000000     709.545727      17.110930      -6.901877       0.006105       2.000000   58111.058434
      31.000000     666.493000     -21.437482      -9.158235       0.009860       2.000000   33798.142541
      31.000000     671.459591     -13.547676      -9.356160       0.009030       2.000000   37179.766015
      31.000000     676.426182      -4.882216      -9.501563       0.008161       2.000000   41443.262199
      31.000000     681.392773       4.834077      -9.589177       0.007166       2.000000   47545.257885
      31.000000     686.359364      16.158790      -9.589561       0.005993       2.000000   57265.601981
      32.000000     645.996000     -21.065208     -11.597003       0.009515       2.000000   33945.359490
      32.000000     650.656909     -13.399741     -11.807170       0.008729       2.000000   37271.718296
      32.000000     655.317818      -4.995712     -11.966001       0.007906       2.000000   41444.619819
      32.000000     659.978727       4.397358     -12.070813       0.006973       2.000000   47323.247385
      32.000000     664.639636      15.274523     -12.095773       0.005883       2.000000   56491.284013
      33.000000     626.722000     -20.710270     -13.879099       0.009195       2.000000   34079.266384
      33.000000     631.104500     -13.258033     -14.101049       0.008448       2.000000   37353.737996
      33.000000     635.487000      -5.101321     -14.272611       0.007667       2.000000   41441.510481
      33.000000     639.869500       3.988321     -14.392425       0.006791       2.000000   47113.517668
      33.000000     644.252000      14.451351     -14.437388       0.005775       2.000000   55780.403988
      34.000000     608.564000     -20.372269     -16.017754       0.008897       2.000000   34201.027950
      34.000000     612.692636     -13.122258     -16.250994       0.008185       2.000000   37425.866504
      34.000000     616.821273      -5.199291     -16.434613       0.007444       2.000000   41432.797878
      34.000000     620.949909       3.605542     -16.567623       0.006618       2.000000   46913.626124
      34.000000     625.078545      13.685246     -16.628927       0.005669       2.000000   55127.284561
      35.000000     591.429000     -20.047651     -18.024724       0.008618       2.000000   34312.864892
      35.000000     595.324909     -12.990642     -18.268588       0.007940       2.000000   37488.948496
      35.000000     599.220818      -5.290245     -18.463502       0.007234       2.000000   41417.560476
      35.000000     603.116727       3.245006     -18.608181       0.006455       2.000000   46719.717184
      35.000000     607.012636      12.966710     -18.682989       0.005567       2.000000   54520.946650
      36.000000     575.231000     -19.738747     -19.910224       0.008357       2.000000   34414.258956
      36.000000     578.913727     -12.865071     -20.163973       0.007710       2.000000   37542.216375
      36.000000     582.596455      -5.375726     -20.369393       0.007037       2.000000   41394.742206
      36.000000     586.279182       2.905261     -20.524468       0.006300       2.000000   46530.161870
      36.000000     589.961909      12.293545     -20.610608       0.005467       2.000000   53957.447394
      37.000000     559.898000     -19.439175     -21.683723       0.008113       2.000000   34508.298080
      37.000000     563.384136     -12.741092     -21.946406       0.007494       2.000000   37588.013251
      37.000000     566.870273      -5.453661     -22.161404       0.006852       2.000000   41365.611516
      37.000000     570.356409       2.585227     -22.325723       0.006154       2.000000   46343.948114
      37.000000     573.842545      11.659822     -22.421546       0.005370       2.000000   53429.628485
      38.000000     545.360000     -19.153047     -23.353324       0.007882       2.000000   34593.368869
      38.000000     548.665227     -12.622112     -23.623999       0.007291       2.000000   37624.989839
      38.000000     551.970455      -5.526683     -23.847665       0.006678       2.000000   41329.052873
      38.000000     555.275682       2.282993     -24.020252       0.006015       2.000000   46159.793017
      38.000000     558.580909      11.063859     -24.124537       0.005276       2.000000   52934.457982
      39.000000     531.558000     -18.876985     -24.926647       0.007666       2.000000   34671.023672
      39.000000     534.695955     -12.506048     -25.204285       0.007100       2.000000   37654.464458
      39.000000     537.833909      -5.594246     -25.435644       0.006514       2.000000   41285.886194
      39.000000     540.971864       1.997077     -25.615606       0.005883       2.000000   45976.948038
      39.000000     544.109818      10.500987     -25.727434       0.005185       2.000000   52466.540831
      40.000000     518.438000     -18.609323     -26.410545       0.007461       2.000000   34741.990154
      40.000000     521.420727     -12.392174     -26.694096       0.006920       2.000000   37677.115445
      40.000000     524.403455      -5.656715     -26.932160       0.006358       2.000000   41236.519240
      40.000000     527.386182       1.725677     -27.118672       0.005758       2.000000   45794.613351
      40.000000     530.368909       9.967075     -27.237347       0.005098       2.000000   52021.307815
      41.000000     505.949000     -18.352994     -27.811011       0.007268       2.000000   34804.844451
      41.000000     508.788091     -12.282571     -28.099561       0.006749       2.000000   37692.204150
      41.000000     511.627182      -5.715155     -28.343443       0.006212       2.000000   41180.998130
      41.000000     514.466273       1.468850     -28.535801       0.005639       2.000000   45613.342083
      41.000000     517.305364       9.463149     -28.660781       0.005013       2.000000   51598.786195
      42.000000     494.048000     -18.104228     -29.133807       0.007086       2.000000   34861.117472
      42.000000     496.753455     -12.174801     -29.426454       0.006588       2.000000   37701.189934
      42.000000     499.458909      -5.768655     -29.675272       0.006073       2.000000   41120.477216
      42.000000     502.164364       1.225602     -29.872800       0.005526       2.000000   45433.011080
      42.000000     504.869818       8.985451     -30.003628       0.004931       2.000000   51195.111159
