Executing C:\Users\Jason Fucik\OneDrive - California Institute of Technology\Documents\Zemax\MACROS\HISPEC\echelle_Rcalc.ZPL.
      40.000000    1313.375000     -15.904822      14.080917       0.016914       2.000000   38825.371218
      40.000000    1320.931818      -8.887363      14.076499       0.015397       2.000000   42895.626724
      40.000000    1328.488636      -1.117405      14.097120       0.013791       2.000000   48164.145839
      40.000000    1336.045455       7.656433      14.150901       0.012055       2.000000   55416.353131
      40.000000    1343.602273      17.907715      14.258559       0.010046       2.000000   66873.599069
      41.000000    1281.737000     -15.722347      11.528561       0.016427       2.000000   39012.044409
      41.000000    1288.929727      -8.848262      11.506230       0.014971       2.000000   43047.250174
      41.000000    1296.122455      -1.250487      11.509252       0.013440       2.000000   48218.000402
      41.000000    1303.315182       7.305084      11.547819       0.011788       2.000000   55282.244460
      41.000000    1310.507909      17.251290      11.639797       0.009900       2.000000   66188.287870
      42.000000    1251.587000     -15.545251       9.097922       0.015965       2.000000   39198.167659
      42.000000    1258.441318      -8.808906       9.058508       0.014569       2.000000   43187.663602
      42.000000    1265.295636      -1.377010       9.045427       0.013109       2.000000   48261.141038
      42.000000    1272.149955       6.969451       9.069951       0.011534       2.000000   55146.980627
      42.000000    1279.004273      16.629119       9.149150       0.009750       2.000000   65588.838136
      43.000000    1222.823000     -15.372427       6.780877       0.015526       2.000000   39378.899284
      43.000000    1229.362091      -8.769016       6.725739       0.014190       2.000000   43317.143683
      43.000000    1235.901182      -1.497099       6.698068       0.012795       2.000000   48295.272493
      43.000000    1242.440273       6.648789       6.709548       0.011293       2.000000   55010.250200
      43.000000    1248.979364      16.037484       6.777231       0.009601       2.000000   65044.125593
      44.000000    1195.351000     -15.204246       4.570301       0.015111       2.000000   39551.469042
      44.000000    1201.596455      -8.728912       4.500919       0.013832       2.000000   43436.240854
      44.000000    1207.841909      -1.610729       4.460071       0.012498       2.000000   48322.155308
      44.000000    1214.087364       6.343454       4.459440       0.011063       2.000000   54873.644055
      44.000000    1220.332818      15.475959       4.516266       0.009454       2.000000   64539.994141
      45.000000    1169.086000     -15.040468       2.459708       0.014718       2.000000   39715.025583
      45.000000    1175.056909      -8.689288       2.377510       0.013492       2.000000   43545.460194
      45.000000    1181.027818      -1.719620       2.324755       0.012215       2.000000   48341.999589
      45.000000    1186.998727       6.050317       2.312897       0.010843       2.000000   54735.762763
      45.000000    1192.969636      14.938774       2.359318       0.009311       2.000000   64062.546454
      46.000000    1143.951000     -14.880163       0.443093       0.014346       2.000000   39869.963593
      46.000000    1149.665091      -8.649015       0.349377       0.013170       2.000000   43646.462757
      46.000000    1155.379182      -1.822378       0.285845       0.011946       2.000000   48357.036574
      46.000000    1161.093273       5.771013       0.263618       0.010633       2.000000   54599.464679
      46.000000    1166.807364      14.427465       0.300102       0.009171       2.000000   63610.598920
      47.000000    1119.873000     -14.725048      -1.485081       0.013993       2.000000   40015.609206
      47.000000    1125.346636      -8.609978      -1.589172       0.012864       2.000000   43738.891626
      47.000000    1130.820273      -1.921143      -1.662497       0.011690       2.000000   48366.611986
      47.000000    1136.293909       5.502971      -1.694290       0.010432       2.000000   54463.572100
      47.000000    1141.767545      13.938554      -1.667250       0.009036       2.000000   63178.738556
      48.000000    1096.788000     -14.573577      -3.330020       0.013657       2.000000   40153.371532
      48.000000    1102.035955      -8.570933      -3.443465       0.012573       2.000000   43824.295910
      48.000000    1107.283909      -2.015089      -3.525709       0.011445       2.000000   48372.073110
      48.000000    1112.531864       5.246411      -3.566305       0.010239       2.000000   54329.246716
      48.000000    1117.779818      13.471269      -3.548177       0.008904       2.000000   62765.804781
      49.000000    1074.635000     -14.426612      -5.096531       0.013338       2.000000   40283.380548
      49.000000    1079.670909      -8.532883      -5.218421       0.012296       2.000000   43902.690306
      49.000000    1084.706818      -2.105463      -5.308809       0.011212       2.000000   48373.075292
      49.000000    1089.742727       4.999690      -5.357509       0.010054       2.000000   54195.783713
      49.000000    1094.778636      13.023263      -5.347757       0.008777       2.000000   62369.246609
      50.000000    1053.360000     -14.282524      -6.789144       0.013034       2.000000   40407.250575
      50.000000    1058.196364      -8.494259      -6.918646       0.012032       2.000000   43975.690402
      50.000000    1063.032727      -2.190838      -7.016469       0.010988       2.000000   48371.176809
      50.000000    1067.869091       4.763988      -7.072614       0.009876       2.000000   54064.896438
      50.000000    1072.705455      12.595282      -7.070699       0.008652       2.000000   61990.310559
      51.000000    1032.910000     -14.143419      -8.411999       0.012744       2.000000   40524.437486
      51.000000    1037.558636      -8.457099      -8.548352       0.011779       2.000000   44042.527772
      51.000000    1042.207273      -2.273247      -8.652976       0.010774       2.000000   48365.296533
      51.000000    1046.855909       4.537183      -8.715976       0.009705       2.000000   53935.230751
      51.000000    1051.504545      12.184932      -8.721404       0.008531       2.000000   61626.672024
      52.000000    1013.240000     -14.006667      -9.969081       0.012467       2.000000   40637.161336
      52.000000    1017.711364      -8.419277     -10.111537       0.011537       2.000000   44105.128159
      52.000000    1022.182727      -2.351220     -10.222348       0.010569       2.000000   48356.957156
      52.000000    1026.654091       4.319888     -10.291648       0.009540       2.000000   53807.839943
      52.000000    1031.125455      11.791634     -10.303971       0.008413       2.000000   61278.125874
      53.000000     994.304000     -13.874981     -11.463987       0.012202       2.000000   40744.519059
      53.000000     998.608318      -8.383093     -11.611845       0.011306       2.000000   44162.521523
      53.000000    1002.912636      -2.426635     -11.728282       0.010372       2.000000   48345.176795
      53.000000    1007.216955       4.110654     -11.803394       0.009381       2.000000   53681.908320
      53.000000    1011.521273      11.414353     -11.822226       0.008299       2.000000   60943.944532
      54.000000     976.063000     -13.746565     -12.900218       0.011947       2.000000   40848.249512
      54.000000     980.209364      -8.347231     -13.052763       0.011084       2.000000   44216.117486
      54.000000     984.355727      -2.498789     -13.174270       0.010183       2.000000   48330.931116
      54.000000     988.502091       3.909385     -13.254737       0.009228       2.000000   53557.829968
      54.000000     992.648455      11.051884     -13.279757       0.008187       2.000000   60623.214351
      55.000000     958.479000     -13.621938     -14.281020       0.011703       2.000000   40948.740385
      55.000000     962.476045      -8.312060     -14.437539       0.010871       2.000000   44266.241984
      55.000000     966.473091      -2.567926     -14.563576       0.010002       2.000000   48314.522874
      55.000000     970.470136       3.715932     -14.648984       0.009081       2.000000   53435.969188
      55.000000     974.467182      10.704097     -14.679936       0.008078       2.000000   60316.222231
